0.329842 0.436743 0.382707 0.370591 0.322958 0.289946 0.230398 0.273443 0.291717 0.256097 0.331924 0.291889 0.338138 0.300943 0.332729 0.341914 0.37151 0.314561 0.140098 0.321503 0.291822 0.351611 0.320602 0.307538 0.176486 0.446644 0.28233 0.439992 0.304385 0.300028 0.277099 0.198265 
0.301306 0.260533 0.340109 0.222689 0.348346 0.249426 0.196192 0.356292 0.30044 0.28889 0.078255 0.0885467 -0.015742 0.329624 0.314216 0.334355 0.439579 0.296638 0.318773 0.223068 0.462485 0.175987 0.291045 0.315463 0.404395 0.22828 0.335464 0.339815 0.347418 0.372273 0.300568 0.304472 
0.320968 0.338754 0.518883 0.225079 0.262849 0.246598 0.257525 0.0468465 0.24021 0.208961 0.322122 0.352736 0.343187 0.363699 0.355636 0.191808 0.209842 0.285652 0.35413 0.32591 0.100437 0.306388 0.202187 0.166242 0.289378 0.28846 0.354528 0.453214 0.306481 0.305236 0.279503 0.270819 
0.352467 0.23567 0.322537 0.305318 0.343624 0.52948 0.270394 0.258268 0.291874 0.298487 0.32514 0.412382 0.310045 0.263374 0.4077 0.424334 0.360936 0.375939 0.224404 0.366285 0.238404 0.0202549 0.378901 0.389291 0.372279 0.460903 0.304535 0.339175 0.319609 0.283578 0.253881 0.481783 
0.357996 0.143162 0.362433 0.295531 0.30487 0.373288 0.273934 0.331477 0.378291 0.309267 0.297166 0.40497 0.382431 0.128318 0.297117 0.429831 0.495098 0.179099 0.349414 0.341694 0.460893 0.1002 0.172979 0.265282 0.321934 0.324434 0.477364 0.287319 0.195697 0.255342 0.371872 0.395476 
0.0259849 0.289485 0.291133 0.264432 0.305916 0.263656 0.301921 0.198765 0.333669 0.16929 0.308814 0.30706 0.303337 0.294549 0.29632 0.205627 0.189752 0.305977 0.296476 0.242991 0.274715 0.273709 0.388696 0.284041 0.288763 0.318517 0.141825 0.20713 0.263955 0.344745 0.371684 0.301399 
0.391156 0.369433 0.388317 0.362648 0.321763 0.2672 0.611480909586 0.52796407342 0.551423150301 0.566930729151 0.784763801098 0.540880399942 0.618546324968 0.579129415751 0.716711747646 0.627463775873 0.892563986778 0.573303925991 0.599668580294 0.896237003803 0.531647193432 0.564301359653 0.49759221375 0.627842891216 0.565567958355 0.849821555614 0.321846 0.38872 0.168358 0.329167 0.333056 0.293563 
0.328815 0.303053 0.31655 0.326276 0.342284 0.196664 0.562180656195 0.646329808235 0.510156932473 0.654866474867 0.635007458925 0.616268324852 0.630074518919 0.744365501404 0.600194323063 0.532678741217 0.467370632291 0.610877174139 0.638118463755 0.400083842874 0.39741846472 0.548811274767 0.563238847256 0.894633817673 0.530397507548 0.694219309092 0.334621 0.528082 0.354785 0.343105 0.341742 0.314997 
0.261865 0.229519 0.351434 0.254488 0.396993 0.181177 0.544635879993 0.651203173399 0.41936789006 0.719303029776 0.601795721054 0.582670766115 0.546859550476 0.592391180992 0.6136279881 0.569108712673 0.617827701569 0.522120732069 0.749774444103 0.559628534317 0.51869623661 0.59005202651 0.588961023092 0.588037747145 0.570402759314 0.393921475112 0.410547 0.421052 0.265521 0.293714 0.405438 0.362483 
0.24167 0.357057 0.22053 0.369869 0.25407 0.229699 0.625263679028 0.507919478416 0.757940876484 0.733952480555 0.647416013479 0.589626717567 0.598069894314 0.744849312305 0.376573550701 0.601983773708 0.717553037405 0.647608983517 0.577771890163 0.610718238354 0.623443800211 0.739614057541 0.614074635506 0.549742388725 0.655990499258 0.672114956379 1.02725 0.606833 0.707477 0.88846 0.328792 0.359679 
0.334824 0.206446 0.351557 0.304717 0.429552 0.314483 0.551962393522 0.709677088261 0.398488040268 0.792016136646 0.62875174284 0.499562489986 0.611100155115 0.675190019608 0.620889085531 0.61558355689 0.651206332445 0.563472110033 0.513106259704 0.628924536705 0.629443335533 0.504119220376 0.586897420883 0.509411501884 0.646672475338 1.22299520969 0.915698 0.976878 0.820907 0.61539 0.263511 0.28323 
0.297356 -0.0619472 0.328511 0.612984 0.313263 0.276449 0.637224453688 0.697048383951 0.58433316946 0.646300810575 0.739882129431 0.609580296278 0.658041852713 0.556638586521 0.601846325397 0.607053387165 0.368321786821 0.746801930666 0.543820726871 0.723257470131 0.559617418051 0.559958297014 0.405583548546 0.704204964638 0.76330499649 1.3029321909 0.682536 0.518167 0.922244 0.422136 0.379581 0.293353 
0.44154 0.424489 0.307854 0.227609 0.320123 0.0390429 0.625889825821 0.546018797159 0.511075738072 0.70231063962 0.604045826197 0.559070813656 0.724599766731 0.525362196565 0.761502164602 0.710871297121 0.545089545846 0.600798475742 0.594116646051 0.716687697172 0.534350934625 0.585922348499 0.657022464275 0.345368157327 0.568185764551 1.58521358967 0.449168 0.296419 0.587115 0.670424 0.251989 0.294626 
0.305202 0.263554 0.165039 0.292935 0.276007 0.283133 0.691853183508 0.718155372143 0.488089892268 0.720774430037 0.5632612288 0.600431549549 0.480049970746 0.316167547554 0.71338121891 0.591976720095 0.607402908802 0.518800321221 0.824009585381 0.619086879492 0.620806562901 0.509712311625 0.641120094061 0.794138002396 0.911635744572 0.699347484112 0.418801 0.315666 0.312642 0.526064 0.311622 0.285923 
0.239276 0.263006 0.350657 0.551659 0.473651 0.359376 0.705454128981 0.532153922319 0.529494675994 0.663588511944 0.669993120432 0.443193170428 0.59209420085 0.600999134779 0.576157826185 0.645692873001 0.474475118518 0.628252583742 0.834396708012 0.629440265894 0.677874970436 0.645090895891 0.881214010715 0.73520244956 0.658724266291 0.50188935101 0.308318 0.385035 0.361368 0.342602 0.227386 0.197329 
0.0960666 0.389583 0.224992 0.291548 0.379992 0.40062 0.758220243454 0.592248666286 0.651170122623 0.580541419983 0.541631835699 0.710246163607 0.596317458153 0.637429314852 0.576290774345 0.625322836637 0.594490426779 0.79317201972 0.572057086229 0.709967511892 0.76939677 0.808129477501 0.785781311989 0.656666833162 0.648045825958 0.589732664824 0.293424 0.178004 0.283809 0.296282 0.341738 0.251161 
0.374732 0.20626 0.24536 0.206134 0.309357 0.218545 0.590869504213 0.609970766306 0.628256100416 0.655785161257 0.613120871782 0.58167834878 0.649996119738 0.492095518112 0.523551228642 0.600595462322 0.665886390209 0.606841015816 0.540080580115 0.718022185564 0.638001668453 0.614113467932 0.708454805613 0.64004047513 0.561856436729 0.551702457666 0.258935 0.33302 0.245688 0.251039 0.140361 0.443569 
0.257801 0.292703 0.325945 0.334342 0.310504 0.339656 0.587972837687 0.629238951206 0.601424354315 0.639721977711 0.597877758741 0.772722291946 0.622631627321 0.578429329395 0.528378713131 0.614997822046 0.862224030495 0.644291597605 0.442429545522 0.75348456502 0.638765501976 0.70177744627 0.628850150108 0.780915009975 0.590071636438 0.660656112432 0.311724 0.154181 0.287164 0.594307 0.387445 0.32082 
0.243915 0.239596 0.298039 0.343269 0.226556 0.371145 0.645898479223 0.650634127855 0.433566752076 0.679239320755 0.576595175266 0.560149508715 0.637988734245 0.712312656641 0.644070285559 0.587982195616 0.562130469084 0.591058957577 0.579249340296 0.910154032707 0.66928358674 0.694829928875 0.640069651604 0.678281801939 0.567997831106 0.580242592096 0.413622 0.245787 0.297895 0.39674 0.271459 0.368244 
0.352435 0.277549 0.387165 0.394679 0.404449 0.168933 0.588644820452 0.636378574371 0.595554935932 0.889055895805 0.554216134548 0.616268622875 0.663305658102 0.629975664616 0.686865377426 0.666496324539 0.617114323378 0.588152933121 0.45286141634 0.518312904239 0.638201671839 0.573059844971 0.527362334728 0.489960852265 0.684484916925 0.68150909543 0.327644 0.265303 0.324773 0.413704 0.308163 0.352104 
0.503717 0.345769 0.325217 0.156956 0.280506 0.193868 0.451183381677 0.624763894081 0.571028757095 0.580378073454 0.514236274362 0.689758527279 0.597387719154 0.689530986547 0.944404768944 0.76707996726 0.672078418732 0.614771741629 0.590762335062 0.655828762054 0.66025249958 0.674260693789 0.618760544062 0.508231180906 0.549211236835 0.557776767015 0.300707 0.179017 0.339645 0.366959 0.358287 0.27639 
0.301923 0.297574 0.468562 0.245347 0.312631 0.26476 0.525044563413 0.632505583763 0.472512069345 0.846509504318 0.627689647675 0.629127371311 0.606269496679 0.666746842861 0.621870058775 0.783808159828 0.798630076647 0.768987584114 0.608998554945 0.586273151636 0.54538166821 0.566846299171 0.610557514429 0.380586135387 0.62633343339 0.594691354036 0.255836 0.25782 0.318808 0.347275 0.356189 0.383465 
0.291965 0.134843 0.330778 0.415687 0.128261 0.292343 0.597764837742 0.614865648746 0.547990712523 0.594823080301 0.603982853889 0.384387853742 0.618505138159 0.576710391045 0.650389242172 0.534073519707 0.599681931734 0.560389238596 0.634113836288 0.576030808687 0.596962231398 0.607245194912 0.646070379019 0.637980926037 0.365783798695 0.863952088356 0.32392 0.343582 0.300045 0.362231 0.277691 0.219671 
0.28042 0.243814 0.332349 0.319306 0.104741 0.284993 0.702440130711 0.60610948801 0.583615320921 0.336739617586 0.596530008316 0.71986694932 0.633170562983 0.746874260902 0.605099338293 0.721596258879 0.656088072062 0.657888787985 0.70668424964 0.598300564289 0.684110420942 0.598965811729 0.632682430744 0.556878107786 0.668440717459 0.652774143219 0.339133 0.352584 0.288817 0.349803 0.311274 0.26657 
0.482193 0.304473 0.141047 0.481492 0.320983 0.366268 0.728781598806 0.725965994596 0.591526079178 0.573254305124 0.582165229321 0.351910106093 0.763402628899 1.02324734926 0.890856611729 0.734773743153 0.920376288891 0.661689567566 0.658448147774 0.493910747766 0.583523231745 0.610412734747 0.682464319468 0.606966453791 0.671098428965 0.555645900965 0.254596 0.347533 0.543738 0.264021 0.227504 0.224539 
0.253904 0.383877 0.594063 0.315222 0.257642 0.335249 0.581973481178 0.606215524673 0.659169393778 0.549757796526 0.603170830011 0.538936185837 0.689971107244 0.611539888382 0.675786721706 0.557968962193 0.742838281393 0.556597697735 0.490236255527 0.629729676247 0.672893750668 0.588167268038 0.515337827802 0.629901009798 0.565869230032 0.550115126371 0.188903 0.299899 0.359271 0.152317 0.322462 0.226019 
0.238815 0.333452 0.298425 0.327953 0.276593 0.328198 0.346908 0.243503 0.241381 0.277055 0.4704 0.290116 0.0888627 0.275712 0.17374 0.309964 0.378234 0.302846 0.00555515 0.207544 0.378577 0.307817 0.345962 0.216742 0.551338 0.345197 0.287495 0.3834 0.291382 0.289474 0.32687 0.236137 
0.289478 0.267927 0.290121 0.437537 0.509326 0.264584 0.52295 0.233804 0.168012 0.304059 0.195391 0.353189 0.348239 0.362392 0.285234 0.306088 0.264352 0.259452 0.250097 0.323048 0.305519 0.230217 0.333773 0.425392 0.278579 0.276625 0.201685 0.113314 0.279806 0.403121 0.344126 0.269493 
0.304343 0.347106 0.239845 0.511367 0.281036 0.286874 0.229804 0.28423 0.530269 0.351012 0.434839 0.351744 0.381193 0.258182 0.264548 0.33674 0.346854 0.150365 0.0624843 0.222767 0.376084 0.285963 0.172402 0.323908 0.288763 0.290413 0.332797 0.314907 0.309788 0.272595 0.275445 0.288425 
0.363253 0.276528 0.328464 0.275743 0.277597 0.27926 0.130077 0.113616 0.323641 0.311823 0.270569 0.187608 0.267644 0.258668 0.442779 0.51712 0.290388 0.36108 0.354818 0.37809 0.220191 0.303826 0.250144 0.34136 0.344458 0.388693 0.346384 0.304778 0.323009 0.192512 0.263811 0.125278 
0.317693 0.295991 0.174683 0.356071 0.242336 -0.0417717 0.220647 0.243619 0.310614 0.428008 0.234354 0.257952 0.178082 0.23145 0.298042 0.248853 0.26006 0.446697 0.379367 0.277429 0.369916 0.189303 0.263245 0.308684 0.1494 0.228735 0.208284 0.357175 0.343523 0.269513 0.287119 0.520407 
0.35515 0.126903 0.353154 0.267572 0.328272 0.313272 0.157634 0.337128 0.276894 0.358742 0.248709 0.437813 0.1828 0.293895 0.337381 0.336587 0.377261 0.274566 0.318902 0.344389 0.400993 0.287771 0.404816 0.4019 0.328584 0.346087 0.216121 0.189803 0.238366 0.218251 0.308988 0.335976 
