0.181621 0.0578785 0.0628974 -0.045791 0.21683 0.0801092 0.0280003 -0.275684 -0.0316768 -0.14282 0.0723518 0.0649878 0.0139651 0.304348 0.0860471 0.0470864 0.083759 -0.0155538 0.381585 0.0910143 -0.0152842 -0.441653 -0.147442 0.012974 
0.0416584 0.319704403356 0.288332127221 0.31696017012 0.350669331104 0.29344821414 0.861389267445 0.342740810663 0.347841783613 0.467696297169 0.123537945747 0.381554144621 0.242958682775 0.363471935689 0.570255386829 0.181991453469 0.477951261401 0.324331528693 0.453953611851 0.309269219823 0.591228085756 0.305234430078 0.357955663651 -0.129668 
0.00614764 0.68662570715 0.594955343008 0.185317079723 0.530983898044 0.335772297531 -0.156160724163 0.308596058004 0.255733370036 0.754210281372 0.313565806672 0.2123923406 0.357355895638 0.281607569382 -0.030896794796 0.312081980705 0.265434245765 0.191520097852 -0.00881407856941 0.528861197829 0.167759287357 0.410735885799 0.357782761753 -0.0680502 
0.113249 0.517865198851 0.295753857307 0.311247248389 0.33051353991 0.287860497087 0.201760965586 0.524203899503 0.492321643233 0.282140555978 0.317393644899 0.454225602746 0.227135162055 0.0647260129452 0.0338471114635 0.50541447401 0.396480280161 0.293914411403 0.293455388118 0.44061152935 0.395300771296 0.261433343589 0.58942066431 0.254556 
0.0723546 0.316692778096 0.351548365504 0.288521055318 0.637967067957 0.298207663419 0.235124628246 0.625776964426 0.109835657477 0.456962707639 0.468196082115 0.306460980512 0.552736896276 0.21236448288 0.259519945085 0.366109962761 0.320430767909 0.12581473887 0.317474683002 0.386557507515 0.318255669624 0.589915144444 0.238727218658 0.168362 
-0.0517539 0.333736556768 0.267306725681 0.318437998369 0.166651251912 0.325389172137 0.252474806458 0.480037096143 0.548593688011 0.416713985801 0.383289049566 0.347552864999 0.262378297001 0.318423695117 0.526816490293 0.27359947674 0.233954045177 0.346666748822 0.309685916826 0.451819705963 0.304203023855 0.402343037724 0.322564534098 0.0352138 
0.0659266 0.255391418189 0.18224042207 0.310591929778 0.243815544248 0.148612338305 0.394773605466 0.384185115993 0.294812701829 0.367061021924 0.363166841865 0.227438594401 0.519605267048 0.350358444452 0.148769456148 0.286367112026 0.425386744738 0.252125545591 0.262669305503 0.350405919552 0.337687320262 0.146462488174 0.271822833642 -0.0250315 
-0.0321407 0.55387185812 0.187876667082 0.498147505522 0.347674875706 0.266677673161 0.170382517576 0.32286830917 0.300156387468 0.307524395827 0.203151407838 0.0951980382204 0.300430770626 0.446564096212 0.111705946922 0.462961140275 0.254335842282 0.288566774875 0.301842671423 0.216379541159 0.277153910324 0.343880086392 0.410719494522 0.0120919 
-0.352012 0.356465838104 0.240109707415 0.270165766776 0.26000623703 0.36763920188 0.239368579537 0.0163908779621 0.101900759339 0.416209216416 0.291440794431 0.427586275339 0.228849667311 0.311719394475 0.285725030303 0.326469025761 0.295130825322 0.177531379461 0.259362078458 0.43774484396 0.366213227808 0.217065955698 0.200722183287 0.0134812 
0.0529499 0.426000151038 0.374081011117 0.296243047761 0.385316002369 0.333666517586 0.512998256087 0.353913071752 0.124318185449 0.592996436357 0.20506144613 0.30001334336 0.0499185204506 0.321710734814 0.3786094293 0.262775602937 0.366821135581 0.723605918884 0.560998398066 0.320724797621 0.87316672802 0.360086149722 0.288187936135 -0.277459 
0.0680249 0.396096262336 0.338573138416 0.480064454675 0.0673053890467 0.242438140512 0.386968779564 0.494891139865 0.0504183501005 0.596089738607 0.354226767272 0.48640550971 0.310278079659 0.507090944052 0.338935381919 0.209302130342 0.366533856094 0.452336552739 0.664372104406 0.353480383009 0.162150683999 0.380158442259 0.270069300383 0.114394 
-0.213501 0.207705299556 -0.00676969885826 0.342881861329 0.419888775051 0.441863375902 0.16068585515 0.243688180298 0.256126216799 0.567455548048 0.513597163558 0.3370975025 0.22091012001 0.403889815509 0.391693818569 0.110053780675 0.323625569418 0.383807885647 0.32654797025 0.577884870768 0.590575236082 0.26718743071 0.311613082141 -0.155387 
-0.156911 0.361479959637 0.251238591224 0.301310118707 0.309411452338 0.482517811656 0.341441190988 0.157385635376 0.337501741201 0.315493027866 0.234572778642 0.408810164034 0.26129353717 0.682537096739 0.369247104228 0.214976403117 0.321273111925 0.495615798235 0.284972774051 0.510361674428 0.468977737427 0.461206439137 0.131431314349 0.034526 
-0.071087 0.34096101597 0.306981319748 0.318351325765 0.329636811465 0.256545777619 0.523256409168 0.469625163078 0.355047102273 0.272491869703 0.463372829556 0.308902641013 0.284825042076 0.338028165698 0.381755273044 0.261127080023 -0.0548136651516 0.973323214054 1.21058760881 1.20738755465 0.845329749584 0.570792067051 0.303116791835 -0.00311264 
0.0206808 0.280615876615 0.253554075211 0.485806572437 0.282256656513 0.306584699266 0.380998145044 0.275562229753 0.307421968505 0.180341641605 0.229921463132 0.439714971185 0.29401390925 0.368535625935 0.498801293969 0.243767752498 0.381208668649 0.306461486686 -0.0455628752708 0.286596046016 -0.00853971838951 0.505167576671 0.223990413547 -0.0194657 
-0.142223 0.366163480282 0.230160753429 0.342780540884 0.332818231732 0.331351838261 0.62281729579 0.294808571413 0.375159266591 0.3068674949 0.395320552588 0.3056833243 0.274363828078 0.356984808296 0.424285653234 0.341946765035 0.505077633262 0.570036637783 0.697698014975 0.346786960214 0.402957807481 0.235214154422 0.230793449283 0.023079 
-0.0139514 0.165825295448 0.202328714728 0.3227225665 0.260338052362 0.351495052874 0.25361488685 0.290538067184 0.256415910274 0.287488539889 0.732403892279 0.269924973324 0.206741462648 0.511305618286 0.298621899169 0.396469059587 0.508731263876 0.29234572798 0.568397420645 0.338339972496 0.330154116452 0.4677416116 0.329034441337 -0.0230019 
-0.00318806 0.351490116864 0.283363837004 0.46978058219 0.296990560554 0.406369383633 0.419726158679 0.634508508444 0.310588953272 0.275235959515 0.142149361968 0.112435299158 0.352100852132 0.455602887273 0.480443406105 0.451347413659 0.504203516245 0.309915155359 0.748824167252 0.312784860097 0.186952891946 0.533932942152 0.244116152823 -0.0371101 
-0.235186 0.328702067211 0.287477317452 0.296603254694 0.260511818528 0.289289658144 0.35730689317 0.0879639714956 0.335302549601 0.187127541006 0.375457602739 0.509316670895 0.437099206448 0.458305853605 0.173249083757 0.422295536101 0.108005154133 0.793130862713 0.774567383528 0.324784557521 0.259763463587 0.197505901754 0.576845216751 0.0310932 
-0.00447857 0.690950322151 0.321100131795 0.186273235083 0.367694075406 0.406517955661 0.317388649285 0.33336552158 0.358175917715 0.1728954494 0.300759009912 0.345591313392 0.505691352487 0.340636751801 0.429036471248 0.874400484562 0.316038382426 0.289871439524 0.634041774273 0.52383607924 0.374341572821 0.238003897667 0.395976285636 -0.0055148 
0.45886 0.176783438027 0.321369872615 0.250494475663 0.145002621412 0.158684375882 0.352532885224 0.197344365716 0.380039210618 0.485651287436 0.334150220454 0.330638085678 0.387558843195 0.243708118051 0.610499638319 0.567261594534 0.280365008116 0.363283599913 0.231506700814 0.984879720211 0.297389321681 0.288612937741 0.343176665902 0.00494859 
0.178401 0.231388951838 0.399506236613 0.207529599965 0.269207176939 0.262194059044 0.432232740521 0.271184911206 0.398176568747 0.504022303224 0.339023485035 0.318733929843 0.48932262063 0.333924426883 0.598681229353 0.269522984698 0.131579491496 0.233230824769 0.430884900689 0.431973609328 0.363335768878 0.117612051964 0.388412284851 0.0606611 
-0.0317446 0.65456597805 0.248600936681 0.193420062959 0.315628755093 0.362304899096 0.294127442595 0.353100820631 0.112097534537 0.348815112561 0.401438976824 0.343400458992 0.0870570868254 0.118747282028 0.303335128771 0.284879742377 0.320356731489 0.384483481944 0.0870987355709 0.2533197321 0.317626035959 0.17252125144 0.561076539755 -0.0309433 
0.0794466 0.192071 -0.0887691 -0.0436291 -0.00335283 0.678753 0.0756679 -0.36555 -0.0623376 0.0230397 -0.00101713 -0.063465 -0.0081454 0.0327067 -0.183354 0.0348904 0.0556789 0.0190221 -0.113904 -0.108865 -0.085272 0.280419 0.0860455 -0.147963 
