0.280639 0.0125893 0.162548 0.0738031 0.120972 -0.0349808 0.073905 -0.0125585 -0.0133076 0.0467112 0.10841 -0.342484 -0.000695248 -0.312554 -0.0727218 0.18717 0.0378559 -0.274962 0.00555406 -0.0618444 -0.0488821 0.128439 -0.0213171 0.00396428 
0.00943294 0.753192727268 0.52991091907 0.512516391277 0.671450924873 0.685329237767 0.576155555248 0.555998516083 0.470993307233 0.870493081212 0.874865424633 0.589393024147 0.666883383691 0.761302095652 0.787020345032 0.713894848526 0.296038401127 0.71138847135 0.5944600299 0.64994495064 0.693362904061 0.719799413159 0.616755050421 0.0390331 
0.0205007 0.701652046689 0.664358456433 0.815699268878 0.47970930934 0.784593944252 0.687216266803 0.681261180714 0.644724667817 0.644377597421 0.749135275185 0.694142317213 0.558346939087 0.631426629424 0.684927318059 0.728106868267 0.763882619143 0.697141638305 0.771041747928 0.70368810189 0.715466389246 0.59191223681 0.706435265765 0.00365715 
0.503851 0.888961803913 0.799265769124 0.657290522754 1.02031983137 0.700812963932 0.734069396555 0.723111801594 0.643703468889 0.72812522836 0.741619069874 0.634927783906 0.746536579728 0.665176470578 0.463686358929 0.84441806078 0.656000365317 0.788679976761 0.525589030981 0.688200471736 0.768548813462 0.733383626491 0.53422742784 0.0927203 
0.0276372 0.731099986285 0.953147721291 0.652302802354 0.760460835695 0.642409016192 0.877683129907 0.673964665085 0.819652554393 0.669859633595 0.737146270275 0.585975375772 0.802472603321 0.673203413188 0.717279319465 0.683536450192 0.413518857956 0.624614831805 0.827364292741 0.638095159829 0.489218023419 0.764433798194 0.721763755009 -0.0451614 
-0.179311 0.762343742698 0.722514149547 0.576968070865 0.873132911325 0.801237483323 0.876833555102 0.983136218786 0.833074834943 0.930116277933 0.623178911209 0.837045964599 0.841009539366 0.969275665283 0.7510507375 0.703147268901 0.75864418298 0.729227314517 0.687739657052 0.712897429056 0.599920172989 0.586447161436 0.990714681149 -0.271377 
-0.0911327 0.46775573194 0.80155531764 0.695877564419 0.724075493217 0.626245257258 0.641065184772 0.680803554878 0.680317801237 0.840550255775 0.682476402074 1.06208501458 0.808475975692 0.72883480303 0.710783807375 0.82711943686 0.969111514091 0.660145510733 0.654393230379 0.692797927931 0.708860325441 0.826530006528 0.794638675451 -0.0414573 
0.22346 0.672436958924 0.571400982141 0.592528101802 0.612741780281 0.4175552845 0.586438973248 0.650067341328 0.684777476639 1.11243413091 0.715032427385 0.765558686852 0.347594094276 0.451020222902 0.633240845799 0.953587394953 0.918471333385 0.703900224809 0.786423501372 0.635198180377 0.515483570099 0.839936849475 0.530791577697 -0.0663093 
0.0204511 0.929530394077 0.713121855445 0.631860856712 0.716241561621 0.674723773077 0.742576223612 0.724007461965 0.688073009998 0.190317821503 0.622283433378 1.00252543092 0.928281199932 0.71424933318 0.666864380985 0.768551182747 0.6700284563 0.7203119535 0.804291066527 0.834772852063 0.851580840349 0.72737194486 0.57679284066 -0.00402376 
0.152545 0.876772892475 0.75651716888 0.482675370574 0.584697876871 0.595471855998 0.814960111678 0.776649881899 0.660284478962 0.50858245492 0.893692237139 0.836227801442 0.74565711692 0.726813404635 0.631353226304 0.52778339088 0.84486438036 0.818846602738 0.658926144987 0.669030704349 0.705556404591 0.848629844189 0.697628533747 -0.0745849 
-0.0112384 0.711905159801 0.886206877232 0.740686517954 0.388192725182 0.763299782574 0.953869116306 0.641640481353 0.954368185997 0.829735067487 0.539806988835 0.835080307722 0.501118686795 0.706261958741 0.692360301781 0.708990097791 0.507986974716 0.904625695944 0.690812214091 0.67169181332 0.681568498537 0.536117342114 0.592491653562 -0.024952 
0.291802 0.854083281755 0.787584227324 0.708741284721 0.664811336249 1.08605099916 0.682505811378 0.540037822723 0.736120127887 0.948542889953 0.836151343584 0.783543650806 0.866546061635 0.606258560717 0.377559971809 0.751763832569 0.617444862425 0.665996451676 1.14143369794 0.569245499372 0.636595253646 0.549264517426 0.56289820075 0.0509589 
0.125837 0.787662123144 0.678402720764 0.730524132773 0.678706782684 0.708955541067 0.925373417139 0.917280313373 1.16499872208 0.904499214888 0.803694602847 0.742074307799 0.712348832563 0.561758947372 0.879686903954 0.569264900684 0.90014166832 0.77261736691 0.566937607527 0.928955358267 0.819527429342 0.589966599643 0.510899913311 -0.277085 
0.243629 0.654069025815 0.773711887002 0.597706061602 0.690619333461 0.723700844496 0.731368684024 0.663848169893 0.839046907425 0.656873886287 0.759236947447 0.716347697005 0.823691804707 0.826949250698 0.897427868843 0.696843775501 0.801422473788 0.916670781374 0.746235803515 0.611285087466 0.990196806192 0.834351179004 0.920557287335 -0.113125 
-0.0645951 0.658718728274 0.657992341369 0.656280138344 0.430227470398 0.676561488584 0.700182412899 0.545763459802 0.559448224306 0.739460480213 0.647062943131 1.02145670056 0.76873447448 1.1929253459 0.634377610683 0.797422733903 0.720956119522 0.823150683939 0.778775204718 0.552678835392 0.721403811872 0.896611866355 0.853280720115 -0.758896 
-0.000432727 0.475437176228 0.680387382209 0.713880208135 0.713511070982 0.539875146747 0.654112488776 0.688830969669 0.818327565491 0.543514829874 0.738361474872 0.795276504755 1.10555694699 0.791571852565 1.04934544563 0.861737442017 0.71212858595 0.625726048648 0.831017655134 0.580485527217 0.742910728604 0.527328637242 0.778221067786 -0.0306344 
0.147906 0.685038394108 0.611152943969 0.778529380262 0.479977425933 0.694605667423 0.764801901579 0.676681889966 0.690470200777 0.724952098727 0.726564244181 0.724122355506 0.809489426017 0.886944946647 0.457921993732 0.894363564253 0.614933525026 0.885719370842 0.669241805375 0.723906214163 0.684044399112 0.647407767177 0.70648968108 0.0721774 
0.0217419 0.758191392571 0.764928092062 0.664082952589 1.0995051682 0.591817703843 0.70636363076 0.90010702312 0.742491383851 0.58291939348 0.996522557735 0.946468946338 0.870154348016 0.783157733083 0.796808552742 0.644811820984 0.874062877893 0.665811371803 0.674788505584 0.691076437756 0.647222169489 1.0182066083 0.767172534764 0.0185266 
0.128779 0.859941226244 0.814217303693 0.681879757717 0.844660830498 0.744835887849 0.824695450068 0.590919961035 0.510054928064 0.613577541709 0.407330435514 0.673008528352 0.709144625627 0.715290799551 0.763476771116 0.7787358284 0.102211070061 0.733525817096 0.905196991563 0.93419265449 0.712885156088 0.913937520981 0.980587494373 -0.120626 
-0.15024 0.834112685919 0.791536320746 0.777093236148 0.59643689245 0.57639811635 1.07864023447 0.805437137187 1.16891197562 0.718609022722 0.975721222162 0.705465135444 0.780617122352 0.654549252987 0.436890047789 0.636756826937 0.683853194863 0.556817215681 0.785419364274 0.546433475614 0.716924129799 0.801207144558 0.605607230961 -0.0279378 
0.0237375 0.626672980189 0.841261920333 0.906488117576 0.800529149175 0.728291977942 0.765142415464 0.718059318885 0.664473314583 1.01719303131 0.810033810139 0.603479039669 0.661527418345 0.861747738719 0.868478325009 0.619371172786 0.529875215888 0.281378340721 0.713079962693 0.506684404612 0.751126815379 0.649315406382 0.560434502363 -0.068816 
-0.0538238 0.777603407204 0.786701333523 0.619659815729 0.523782965541 0.604606059194 0.861822259426 0.853669387102 1.28213096857 0.774155248702 1.22246493101 0.956391316652 0.809649054706 0.722759294137 0.745196138322 0.751336057484 0.726571134105 0.724996504188 0.664377321303 0.465340998769 0.739848189801 0.940557536483 0.527966794372 -0.0183079 
-0.0112699 0.820737709105 0.854712513089 0.851621922851 0.548221540451 0.661593162268 0.984058213234 0.759163417667 0.850853037834 1.03515369892 0.784739275277 0.711718403548 0.819288235903 0.800590460002 0.796963949502 0.681844583526 0.576014709473 0.700146227743 0.634984758496 0.216595691442 0.718554972485 0.467345011234 0.49348911345 0.188314 
-0.0161319 -0.00470442 -0.0640552 -0.0137325 -0.0116662 0.0328925 0.999954 0.08263 0.246757 0.453428 0.0650917 -0.0576439 0.109761 0.0515044 0.101206 0.177363 -0.0185351 -0.10609 0.0689541 -0.0184112 -0.0267056 0.0355691 0.122275 0.00102672 
