0.333856 0.156104 0.350309 0.349656 0.242672 0.264435 0.275347 0.331287 0.264691 0.376149 0.433521 0.298435 0.327544 0.333722 0.325789 0.52108 0.321983 0.293242 0.325094 0.339859 0.30822 0.338484 0.271384 0.376515 0.293977 0.337972 0.29563 0.399454 0.294046 0.409248 0.248686 0.303962 
0.263465 0.330946 0.297718 0.277676 0.305394 0.281734 0.195473 0.532037 0.206072 0.538432 0.30823 0.298848 0.310642 0.285563 0.283152 0.314386 0.284121 0.500215 0.230491 0.213032 0.272087 0.101364 0.307981 0.285644 0.27101 0.251379 0.0941111 0.275763 0.241415 0.276447 0.399936 0.239059 
0.303405 0.260107 0.19061 0.208219 0.294912 -0.0259761 0.278712 0.474728 0.28316 0.262838 0.375888 0.298015 0.3549 0.321363 0.319865 0.447441 0.0260633 0.288158 0.320387 0.298237 0.298613 0.336819 0.194165 0.337326 0.299224 0.214358 0.323262 0.362235 0.341361 0.561965 0.510787 0.353615 
0.275162 0.237137 0.323454 0.361175 0.33917 0.478493 0.282925 0.24365 0.400049 0.335123 0.217115 0.424786 0.367266 0.35039 0.393424 0.32078 0.309395 0.421404 0.2786 0.229526 0.129942 0.420702 0.288127 0.285137 0.290217 0.395279 0.343093 0.216475 0.410918 0.306601 0.282745 0.716857 
0.317877 0.502088 0.30426 0.311525 0.357261 0.298458 0.230902 0.342722 0.244446 0.271758 0.35493 0.270606 0.29842 0.406616 0.299087 0.243277 0.220604 0.307343 0.307579 0.39111 0.151303 0.291892 0.288633 0.434305 0.352712 0.346547 0.377052 0.111401 0.427663 0.745443 0.579077 0.446005 
0.309836 0.307453 0.276112 0.352488 0.393127 0.350651 0.207723 0.137809 0.169763 0.170942 0.29403 0.264312 0.245462 0.316429 0.34156 0.282469 0.17226 0.324376 0.400821 0.168806 0.295621 0.367061 0.249639 0.318423 0.270699 0.361378 0.395921 0.229339 0.315464 0.302444 0.5121 0.453059 
0.322553 0.466109 0.262833 0.313142 0.33 0.311262 0.564606028795 0.577333468199 0.591641503572 0.493240746856 0.634889441729 0.465835946798 0.569476801157 0.608384090662 0.565297591686 0.613295453787 0.676688152552 0.554323869944 0.601127016544 0.644396054745 0.646262544394 0.60293661356 0.435937809944 0.408019933105 0.437745246291 0.660617607832 0.343398 0.249773 0.276114 0.514903 0.0592472 0.74236 
0.254042 0.330644 0.325072 0.295961 0.248495 0.375479 0.542714166641 0.626463133097 0.547535035014 0.520669433475 0.711004275084 0.54138969183 0.580954658985 0.908577430248 0.809028375149 1.24712877274 1.06945894957 1.1637342453 0.544172543287 0.605605500937 0.692558604479 1.03708057404 0.657005268335 0.5883708179 0.708137023449 0.735169458389 0.27114 0.291683 0.21843 0.286532 0.385988 0.316825 
0.27761 0.491836 0.344601 0.324941 0.313294 0.336309 0.600369203091 0.675481575727 0.636656689644 0.65239470005 0.544269907475 0.483134615421 0.58622046113 0.7335308671 0.741785901785 0.745177406073 0.909277665615 0.956427145004 0.65240522027 0.615320879221 0.422248597443 0.660499829054 0.682168769836 0.561455714703 0.854028272629 0.574965524673 0.34886 0.359647 0.428566 0.266018 0.35441 0.360201 
0.335235 0.271132 0.357368 0.137361 0.531093 0.302105 0.590982812643 0.497000831366 0.598275738955 0.598424065113 0.557414340973 0.470243784785 0.616387027502 0.86981498003 0.71232085228 0.998139309883 0.641902107 0.974534380436 0.618337798119 0.635329174995 0.576043117046 0.563862341642 0.630564916134 0.480273860693 0.601560729742 0.648994851112 0.390479 0.310242 0.253174 0.329995 0.315221 0.229841 
0.329679 0.260125 0.195256 0.29361 0.252219 -0.0133866 0.594162124395 0.63203548193 0.526352840662 0.515293481946 0.475594359636 0.323622723296 0.603080171347 0.752159941196 0.686636078358 0.619077372551 0.798003929853 0.601004141569 0.622211056948 0.457837674022 0.547104763985 0.649580705166 0.637304145098 0.630773711205 0.642664718628 0.636564898491 0.344098 0.281254 0.3214 0.259549 0.28807 0.374114 
0.431771 0.099961 0.20033 0.237982 0.293482 0.32983 0.672007846832 0.653621572256 0.269537338242 0.644916164875 0.45149064362 0.604996550083 0.466976884007 0.811242091656 0.633572596312 1.06087075472 0.59978582263 0.86594991684 0.682501572371 0.627243745327 0.717903661728 0.670742022991 0.513481843472 0.499422433972 0.646356391907 0.574661302567 0.178311 0.338883 0.268618 0.383072 0.31927 0.45994 
0.400174 0.273951 0.267998 0.0773791 0.426899 0.426742 0.637583214045 0.636898118258 0.529423269629 0.603125560284 0.822939324379 0.670278209448 0.513139221072 1.12326835394 0.662324684858 1.35981445313 0.841791498661 0.795853364468 0.614799845219 0.697210836411 0.457642617822 0.610888141394 0.593934702873 0.610038149357 0.612948286533 0.683354008198 0.322682 0.281602 0.337091 0.243034 0.342222 0.292387 
0.465925 0.284597 0.379459 0.328265 0.352699 0.339091 0.800410318375 0.537380057573 0.563015180826 0.756610739231 0.73779245019 0.451561006904 0.631691920757 1.20640503168 1.13805859089 1.00431178808 0.887622404099 0.926898050308 0.599376904964 0.575384575129 0.633767682314 0.57477812767 0.648481059074 0.645593750477 0.622488546371 0.617535758018 0.408087 0.316563 0.326649 0.320467 0.288967 0.350963 
0.351063 0.31643 0.264101 0.2875 0.244069 0.333423 0.660565125942 0.498968604207 0.587917256355 0.682802844048 0.622983115911 0.642203974724 0.577312517166 1.3194773674 0.673134970665 0.80992757082 0.836674380302 0.684911894798 0.505901041627 0.502721446753 0.467505815625 0.521156001091 0.607870745659 0.743611592054 0.603392648697 0.567476141453 0.0830013 0.216202 0.451494 0.359636 0.229401 0.309342 
0.230419 0.285961 0.282475 0.207828 0.183752 0.348705 0.623252379894 0.588183778524 0.5622846663 0.54924325943 0.774163591862 0.512441727519 0.695629495382 1.01044367552 1.28394972086 0.797985690832 1.04247688055 1.39332287312 0.662824589014 0.654219585657 0.711748915911 0.589609164 0.485023441911 0.572987186909 0.645306664705 0.434833618999 0.201065 0.3111 0.252881 0.304363 0.239707 0.329552 
0.231059 0.317663 -0.0648178 0.406975 0.279923 0.371459 0.659450429678 0.621343839169 0.647883284092 0.682847011089 0.637436228991 0.592152017355 0.538392040133 1.17642407417 0.641120660305 1.22454832792 0.772243100405 1.33710567951 0.670560735464 0.591950672865 0.644836235046 0.604351001978 0.507634344697 0.609522360563 0.730309981108 0.606016415358 0.352747 0.412678 0.372201 0.586686 0.347004 0.262537 
0.383168 0.445689 0.299765 0.447212 0.37201 0.410152 0.728251296282 0.743197280169 0.684813010693 0.600501346588 0.577269691229 0.59124045372 0.719652998447 0.498491036892 0.498880195618 0.754940706491 0.672838318348 0.611594158411 0.585050272942 0.255038484186 0.544628429413 0.464511725307 0.666385996342 0.52315697372 0.595348525047 0.632302689552 0.305821 0.278986 0.529828 0.352865 0.588086 0.470992 
0.456995 0.142496 0.256877 0.296016 0.118022 0.296002 0.619933086634 0.617590296268 0.623028475046 0.607963579893 0.531853231788 0.576587933302 0.826283562183 0.606885540485 0.609211790562 0.579876619577 0.58388223052 0.654790598154 0.628162759542 0.790230113268 0.585714328289 0.581832754612 0.594236898422 0.603398489952 0.434225264192 0.599007475376 0.320321 0.631656 0.360189 0.86831 0.307158 0.377508 
0.355903 0.519375 0.278605 0.231463 0.106494 0.285104 0.666594672203 0.557655501366 0.568247097731 0.711084115505 0.486230331659 0.516793715954 0.595636743307 0.612568664551 0.57537381649 0.738941448927 0.577702152729 0.778814333677 0.618178236485 0.588130730391 0.508862736821 0.678156632185 0.804829764366 0.572006601095 0.56602691412 0.514748039842 0.314663 0.288226 0.828064 0.316925 0.64888 0.520735 
0.225014 0.238952 0.336654 0.0878213 0.370022 0.295254 0.564713525772 0.633422720432 0.466751608253 0.717261302471 0.654044944048 0.638544636965 0.615493136644 0.744792151451 0.728137332201 0.650649058819 0.627402919531 0.637527781725 0.580473411083 0.522042798996 0.64146541357 0.724208641052 0.589642840624 0.674196887016 0.522356230021 0.610435712337 0.295144 0.301074 0.281138 0.607302 0.652014 0.30812 
0.172404 0.283767 0.279333 0.295486 0.202626 0.438872 0.563744562864 0.437126669288 0.596698719263 0.761383998394 0.313390622102 0.571498143673 0.681103873253 0.597287136316 0.736011940241 0.616830992699 0.585516411066 0.618619012833 0.601781594753 0.705910372734 0.589242357016 0.655518519878 0.604827481508 0.475986275077 0.577852714062 0.623387354612 0.201879 0.329572 0.288633 0.248522 0.345781 0.333607 
0.288569 0.356667 0.243027 0.305541 0.295761 0.281268 0.488506513834 0.711457717419 0.581276166439 0.580295133591 0.577834653854 0.55202652812 0.674367535114 0.61525811553 0.609268712997 0.660603928566 0.651975828409 0.612036365271 0.417715850472 0.596566694975 0.394242915511 0.515572550893 0.651121217012 0.50184071362 0.551497477293 0.642132240534 0.305841 0.408986 0.229238 0.289725 0.27768 0.224497 
0.268037 0.137692 0.302225 0.247196 0.484178 0.13645 0.34474144429 0.501338708401 0.618398863077 0.670079308748 0.576844590902 0.592258441448 0.692076581717 0.563594686985 0.710790741444 0.539339217544 0.651606816053 0.724705356359 0.510086911917 0.59515209794 0.600378769636 0.575769680738 0.600561338663 0.560966956615 0.620846647024 0.502157139778 0.361248 0.283766 0.257883 0.261518 0.282758 0.301142 
0.286292 0.248731 0.291029 0.313739 0.29362 0.322074 0.589827674627 0.90964846611 0.562008547783 0.606967496872 0.608028995991 0.465063753724 0.87914185524 0.519244644046 0.640944766998 0.591753619909 0.449123311043 0.547531533241 0.620609301329 0.376983347535 0.66619707942 0.817454087734 0.633337396383 0.213052976131 0.620786654949 0.592540699244 0.632937 0.525076 0.332303 0.259914 0.200959 0.163875 
0.322664 0.231818 0.330465 0.221431 0.365632 0.180196 0.583174157143 0.60068230629 0.709780144691 0.976843285561 0.61777343154 0.629898566008 0.721418398619 0.513183939457 0.536236408353 0.595689076185 0.64420850873 0.69166161418 0.594128924608 0.674523222446 0.562670427561 0.582274276018 0.54137827754 0.600251722336 0.464663821459 0.693112868071 0.273079 0.494443 0.0535355 0.447248 0.309964 0.34671 
0.43072 0.274034 0.324763 0.319792 0.218918 0.381711 0.321566 0.263594 0.338968 0.209231 0.329813 0.243187 0.373827 0.438131 0.334768 0.337069 0.381242 0.288175 0.29414 0.486543 0.212686 0.28643 0.215117 0.486954 0.220572 0.129786 0.269728 0.198907 0.281981 0.273859 0.269495 0.366168 
0.356586 0.375993 0.357023 0.908845 0.285225 0.326356 0.350899 0.189323 0.497404 0.264878 0.299255 0.236392 0.313047 0.243889 0.35081 0.278649 0.334789 0.101046 0.261856 0.338812 0.319452 0.290781 0.253327 0.407954 0.253212 0.314313 0.305133 0.445136 0.38987 0.330491 0.403106 0.301101 
0.305525 0.568618 0.813483 0.912723 0.436117 0.498873 0.186045 0.299502 0.280601 0.290069 0.234226 0.365278 0.247705 0.288569 0.279795 0.31586 0.350587 0.235502 0.152874 0.382646 0.167265 0.253405 0.34429 0.432675 0.458529 0.213076 0.633657 0.315998 0.0877936 0.297647 0.259235 0.307399 
0.376477 0.445278 0.451648 0.688849 0.818993 0.70858 0.230863 0.00640191 0.814864 0.264038 0.41124 0.282008 0.288166 0.300534 0.411713 0.411236 0.315554 0.283119 0.414192 0.284295 0.344658 0.295137 0.640565 0.585408 0.558854 0.603936 0.30515 0.0939123 0.321418 0.316895 0.241277 0.374921 
0.29303 0.610686 0.456553 0.650348 0.604406 0.578082 0.365633 0.336994 0.28807 0.235977 0.310435 0.40549 0.365515 0.29109 0.274432 0.281033 0.365344 0.36487 0.304237 0.213515 0.333841 0.250916 0.219197 0.881423 0.534681 0.327565 0.441813 0.311928 0.252193 0.161864 0.298287 0.310749 
0.321682 0.554799 0.627968 0.595978 0.263784 0.599324 0.347829 0.290524 0.21271 0.297755 0.356394 0.361965 0.302484 0.359352 0.279465 0.300159 0.393413 0.331669 0.274301 0.45391 0.372208 0.226749 0.247575 0.356791 0.460562 0.459444 0.303751 0.164863 0.0856238 0.341105 0.494414 0.325674 
