0.364763 -0.0514483 -0.391207 0.0651189 0.103334 -0.173775 -0.0469845 0.00796855 -0.00105774 0.230291 -0.517279 -0.0562239 0.168496 -0.0781064 -0.196483 0.044623 0.115361 -0.0303034 0.0918095 0.0509421 0.0264897 -0.164484 0.262214 -0.0496435 
0.0174745 0.458582315594 0.534447576851 0.650500386953 0.590621903539 0.501661532326 0.523082530126 0.473312221467 0.485106747597 0.647425368428 0.255931198597 0.575000882149 0.445731796324 0.521942844614 0.971809655428 0.552506610751 0.0241294503212 0.786605715752 0.668775141239 0.513621461578 0.816312372684 0.526318548247 0.67367592454 0.146005 
-0.200331 0.497979559936 0.473620399833 0.409278586507 0.496667434229 0.565218836069 0.432826332748 0.631288543344 0.435710459948 0.628271147609 0.270852953196 0.36199593544 0.454125408083 0.584187231958 0.398726068437 0.498656019219 0.369705036283 0.356314510107 0.430790454149 0.57120437175 0.349161595106 0.762588083744 0.47903733328 0.0727548 
-0.0318511 0.457563757896 0.442148737609 0.54614770785 0.484807212837 0.406428299844 0.512496156618 0.480263013393 0.430775918067 0.515898231417 0.46126934886 0.439452402294 0.467598028481 0.752653956413 0.448667161167 0.470465645194 0.390936367214 0.382674559951 0.635696053505 0.593283705413 0.228947401047 0.665330827236 0.322636201978 -0.00737034 
-0.00566837 0.759673386812 0.729625329375 0.480108525604 0.63934725523 0.417550541461 0.505809151102 0.357690885663 0.612587891519 0.510239446536 0.497039307142 0.426092773676 0.322461679578 0.49532218324 0.509806130081 0.545288190246 0.187612980604 0.186829566956 0.516622811556 0.469072710723 0.533424671739 0.488619572483 0.541115403175 -0.0768006 
-0.06204 0.726199090481 0.442041397095 0.591210924089 0.511390601285 0.402520470321 0.506622990593 0.499368540768 0.533513549715 0.891820281744 0.357380330563 0.55756014213 0.529137598351 0.442654039711 0.602413445711 0.707532763481 0.352254107594 0.430378675461 0.380553044379 0.362234920263 0.527464129031 0.956465095282 0.533415194601 0.13459 
0.0493644 0.793374031782 0.620716489851 0.586289681494 0.889870136976 0.866095423698 0.704969838262 0.0498370528221 0.575342603028 0.544058363885 0.39865680784 0.263174116611 0.21548435092 0.611690275371 0.592433482409 0.346800759435 0.486709567718 0.512910618447 0.555872872472 0.589041382074 0.518263092265 0.410360068083 0.45748360455 -0.0465521 
-0.353066 0.427150413394 0.315804198384 1.27766555548 1.13288015127 0.939070522785 0.608509629965 0.348165333271 0.522397048771 0.788151443005 0.48228858225 0.373116761446 0.672947466373 0.108919978142 0.46098253876 0.521208371967 0.493625603616 0.557487424463 0.546036910266 0.46713687852 0.512966351584 0.446663089097 0.458125960082 -0.0323434 
-0.0298306 0.562651246786 0.700420662761 0.791484743357 1.12263262272 1.1750227809 0.593343235552 0.471907725558 0.490365503356 0.487471163273 0.371526390314 0.479962298647 0.47800128907 0.47684712708 -0.0577557682991 0.37962923944 0.494304923341 0.478752411902 0.618598237634 0.715762317181 0.319704726338 0.690561011434 0.521293807775 -0.116052 
0.0104646 0.476204011589 0.480263855308 0.887084960938 0.654524818063 0.972535669804 0.674799442291 0.638640880585 0.474309533834 0.695289283991 0.572082959116 0.592077851295 0.548542428762 0.581772200763 0.584255285561 0.611715912819 0.614636152983 0.397156201303 0.565346546471 0.0712392032146 0.464430838823 0.48425106518 0.613230668008 0.352027 
-0.0542295 0.39640031755 0.681828945875 0.646498188376 0.864989817142 0.831092685461 0.61948671937 0.46708284691 0.479558536783 0.580905742943 0.522418931127 0.573431707919 0.694410771132 0.500602725951 0.506185294129 0.669291630387 0.479288237169 0.414997205138 0.473454173654 0.496467727935 0.463354952633 0.46357396245 0.484795193188 0.209883 
0.0788991 0.43087143451 0.475447319448 0.501744020614 0.527234306559 0.698197618127 0.594967253506 0.414974600077 0.562776580453 0.633849993348 0.621223270893 0.511129368097 0.285608291626 0.610506817698 0.528689680621 0.508196467534 0.445166643709 0.528031669557 0.508968934417 0.590992733836 0.498412188026 0.322477698326 0.434563025832 -0.0364286 
0.0421118 0.367191195488 0.454642526805 0.482970882207 0.497465111548 0.543562863022 0.585111171007 0.464026652277 0.482638057321 0.224132031202 0.201100945473 0.717957228422 0.58202701807 0.434705600142 0.38906558603 0.544519241899 0.209459602833 0.665781900287 0.57052141428 0.513639445417 0.459516365081 0.654199704528 0.51862880215 0.84203 
-0.048858 0.4478151761 0.476564129815 0.392179124057 0.435469433665 0.471686286852 0.733402267098 0.321907386184 0.43722641468 0.581947691739 0.484611677937 0.292417138815 0.517728468403 0.470025258139 0.427037887275 0.533583756536 0.480724235997 0.702458918095 0.44742878899 0.627372905612 0.629625171423 0.391245514154 0.47344012931 -0.0265263 
-0.0992648 0.388133496046 0.493768136017 0.505204746965 0.37602891773 0.482591994107 0.862191170454 0.656517952681 0.757987827063 0.642115235329 0.941180258989 0.50352182216 0.597898289561 0.46669717133 0.609190769494 0.470253083855 0.566276602447 0.401160821319 0.502943650819 0.755961120129 0.662635758519 0.688663110137 0.405850864947 0.0215149 
0.0168581 0.626040428877 0.689448431134 0.320208221674 0.557373970747 0.40619315207 1.13472366333 1.19284397364 1.03693324327 0.447712980211 0.621993027627 0.463529162109 0.440805628896 0.51447155606 0.39098265022 0.532688509673 0.530544970185 0.543223079294 0.623763583601 0.692128241062 0.689581125975 0.583990886807 0.497265541693 0.0849041 
0.0922554 0.574832551181 0.675953567028 0.526438489556 0.651799499989 0.490895398892 0.993047863245 0.668303906918 0.826323360205 0.71337904036 0.742472037673 0.332934185863 0.412159718573 0.644486993551 0.452522844076 0.42829759419 0.506999433041 0.623242266476 0.844772815704 0.43412783742 0.836718291044 0.531709883362 0.880760729313 0.45203 
-0.131741 0.527846787125 0.582336962223 0.715258717537 0.454429097474 0.500877908373 0.541140321642 0.652485579252 0.810467660427 0.802021324635 0.566390499473 0.670559689403 0.490891530178 0.452884640545 0.570893615484 0.607064828277 0.518031237647 0.516960915178 0.721065238118 0.399724945426 0.308991760015 0.407795570791 1.29528576136 1.283 
0.024805 0.475235778838 0.595367833972 0.520332457498 0.500316756457 0.403725154698 0.764887064695 0.577024720609 0.6862334162 0.567477054894 0.560725308955 0.466463502496 0.40344106406 0.401731513441 0.418070569634 0.437303937972 0.342283979058 0.543131310493 0.34082095325 0.380460709333 0.447835445404 0.507063508499 1.08583927155 0.901529 
-0.0150888 0.523446368054 0.479974007234 0.483038155362 0.259265378118 0.467178270221 0.465958602726 0.33844807744 0.446043558419 0.514876678586 0.602808244526 0.569233752787 0.294833853841 0.425259500742 0.429614320397 0.679395928979 0.473148912191 0.421241536736 0.697207883 0.428150713444 0.456267312169 0.503800539533 0.544173259288 0.537154 
0.053059 0.40757676214 0.469280308113 0.529203061014 0.245778828859 0.52561792545 0.491825968027 0.577622152865 0.217631459236 0.276747301221 0.546958141029 0.598378971219 0.702359348536 0.774492174387 0.713197663426 0.481361340731 0.492498907726 0.563086718321 0.446919173002 0.564783111215 0.628651618958 0.508707618341 1.44580936432 0.18266 
0.237876 0.252216264606 0.501420988119 0.610570058227 0.414014339447 0.615937359631 0.509120238014 0.527714805678 0.579627431929 0.557570457458 0.588440008461 0.379210866988 0.586064644158 0.830354660749 0.75412645936 0.447988606989 0.460559334606 0.590103253722 0.417899131775 0.466274540871 0.740311920643 0.476216726005 0.410754881799 0.000918049 
-0.0713433 0.493684913963 0.0866190493107 0.353115141392 0.361228570342 0.280050784349 0.418720021844 0.599910028279 0.50781038776 0.461750023067 1.06841117144 0.548558000475 0.961368352175 1.06059253216 0.635646268725 0.506753840949 0.429645456374 0.575904764235 0.49793770723 0.244414806366 0.630578130484 0.524068892002 0.298909157515 0.0617144 
-0.134444 -0.0352289 -0.0892208 -0.0122007 -0.0387065 -0.0256876 -0.0321729 -0.104765 -0.023741 0.0375857 0.582162 0.643506 0.593624 0.244174 0.5342 0.0273545 -0.0500883 -0.0352421 -0.0344256 0.190921 -2.13871e-05 -0.115991 -0.150765 0.138332 
