0.197312 0.0954692 -0.100643 0.09765 0.0147381 0.0527561 -0.15987 -0.251835 -0.0980549 -0.0195555 -0.0334266 -0.213958 0.0671852 -0.114911 -0.0512251 -0.114948 0.0151073 0.0513736 0.320808 0.132974 -0.114943 -0.0423381 -0.00421184 -0.0958256 -0.0514543 -0.25727 0.13483 -0.245327 0.0821921 -0.00521399 -0.0457141 0.00131299 
-0.0925085 -0.164248 -0.0691638 -0.113638 0.114815 -0.0667063 -0.521191 -0.0287674 0.0307099 0.053083 -0.0132534 -0.100698 -0.0500167 -0.0821875 0.114173 0.0886562 -0.0331595 0.163178 -0.178346 0.118779 -0.0501404 0.0448644 0.000201522 0.018763 0.218701 -0.01765 0.218714 -0.064708 0.0507653 0.253835 -0.0624832 -0.0321202 
0.476511 0.180373 -0.191257 -0.0637986 -0.00930252 -0.240576 -0.348248 0.0463353 0.00920569 -0.312628 -0.0472599 -0.232415 0.108658 0.128624 0.0653252 -0.0400927 -0.056615 -0.0254486 0.0805721 0.0554409 0.120502 0.00600494 0.0918852 -0.0439065 -0.0290024 0.0405062 0.0143457 0.121945 0.00196621 0.225404 -0.045933 -0.0298706 
-0.11177 -0.27195 -0.115888 0.0739804 0.0457484 -0.0607135 -0.204291 -0.407511 -0.114488 -0.0534611 0.0969085 0.0307424 -0.186121 0.120975 -0.00993631 -0.161034 0.0523268 0.0605075 0.153696 -0.0100794 0.062237 -0.560977 0.144521 0.0261666 0.164518 0.323839 0.245922 0.00554074 0.00845029 -0.128283 0.0257055 -0.207923 
-0.00656369 0.183447 0.0191932 0.0123703 0.000170624 0.0180717 -0.0743473 -0.104129 0.109045 -0.168803 -0.0659346 0.101267 0.0242957 -0.0680523 0.0867793 -0.0678615 0.0942672 0.0321314 -0.0391464 0.299871 -0.0531621 -0.101454 0.0840827 -0.0703333 0.166324 0.014579 0.0634827 0.21262 -0.0645784 -0.0121629 0.0460432 -0.279219 
0.264546 -0.0156533 -0.296571 -0.00168647 0.127924 0.246039803326 0.24683143869 0.4912894696 0.423186603189 0.359307135642 0.346985920519 0.140650752187 0.425532895327 0.404116089642 0.638808894157 0.305990340374 0.312629315257 0.405266533792 0.034034538269 0.218342329562 0.386493976414 0.264631937444 0.325891890749 0.316952231526 0.432323712111 0.204430955648 0.441036495566 0.300243 0.185164 0.0888476 -0.10314 0.0541774 
0.0445581 -0.107167 0.00685172 -0.0187603 0.121326 0.302855315804 0.350249017775 0.355342555046 0.340412992239 0.325840753689 0.17346175313 0.161121088266 0.505813065171 0.390084336698 0.388765144348 0.0318571805954 0.128053727746 0.422993454337 0.269333834946 0.218387264013 -0.150379282236 0.321508034319 0.256371407956 0.258804365247 0.371759045124 0.343772529811 0.443779560924 -0.0572152 0.0127056 -0.0931717 0.0299592 0.0667991 
0.246219 -0.257158 -0.0727441 0.0140601 0.0923676 0.540736067295 0.399076613784 0.336498732865 0.248497924954 0.377199265361 0.287337580882 0.482267323136 0.256890136003 0.32670333907 0.419229368865 0.330644409359 0.20071053803 0.378371405602 0.360514692217 0.435947823524 0.362982074916 0.286586173996 0.268932343647 0.303497735597 0.599542367458 0.335708855838 0.32068333514 0.0604978 0.132257 0.312011 0.291276 0.198782 
-0.00520294 0.00265666 0.0116428 -0.0700767 0.110396 0.218658345938 0.269441663474 0.138950634003 0.563753712177 0.181518356502 0.248650971055 0.227005164325 0.321574629471 0.401746022701 0.311023184285 0.339251137525 0.45663254261 0.233324143291 0.488385546207 0.404231931269 0.394226896763 0.269160657376 0.330166123062 0.139835137129 0.590628284216 0.300181366922 0.302603224711 0.0819904 -0.0625692 0.0206298 0.662907 0.00253516 
-0.122894 -0.092922 -0.319128 0.277597 0.00632753 0.292823787034 0.24071771577 0.515193063021 0.338971889764 -0.139989507198 0.298560921522 0.246992371231 0.311681578122 0.296200075373 0.157450142503 0.230507332087 0.294687210303 0.127282890677 0.344152807444 0.246621630341 0.633477348089 0.388086798787 0.435539218783 0.223108875751 0.515428963304 0.290728174336 0.423004876077 -0.081628 0.0207412 0.187616 -0.147206 0.238947 
-0.10976 0.192733 -0.0078624 0.0199245 -0.166788 0.134009200335 0.485454085469 0.279278359562 0.289590825513 0.291333140992 0.326636565104 0.274784569815 0.290591105074 0.12588942349 0.374945352972 0.374521042407 0.281695722789 0.223671595752 0.320078169182 0.23618452549 0.359970721602 0.203762631118 0.158909219503 0.322067729384 0.351169414073 0.277633621544 0.358341611177 0.0279801 0.139144 -0.0101158 0.147771 -0.152484 
0.00366924 0.00137789 -0.175657 0.224012 -0.0176826 0.322284159437 0.333268604428 0.352298083901 0.248591481894 0.318902512267 0.136564257741 0.372275847197 0.262443549186 0.192758406699 0.363211835921 0.281715463102 0.277023418993 0.268703519553 0.243325258791 0.179867345095 0.451858568192 0.0994374036789 -0.191836309433 0.297377030086 1.03503232002 0.879244494438 1.01199142933 0.0521113 0.160066 0.191082 -0.0891502 0.0316409 
0.00364739 0.00252922 0.0844307 -0.314134 -0.124394 0.194864544272 0.281606811285 0.33054006584 0.300779306516 0.255983210355 0.318348887563 0.544503617287 0.324482451379 0.413395616412 0.358171119541 0.19362115413 0.222856040299 0.3710285604 0.279021372274 0.270652209595 0.420300531387 0.252645916492 0.325670576841 0.2254046157 0.624761927128 1.0575340867 0.573252129555 0.553364 0.769619 -0.0452389 0.0376493 0.116549 
0.0594112 -0.016282 0.0406678 0.0347363 0.0248181 0.223072308302 0.117651107907 0.246794770658 0.108097869158 0.141142833233 0.0416677772999 0.291068014875 0.245173699409 0.19444822818 0.430784019828 0.249739802629 0.246897529066 0.283362669125 0.414854052663 0.34581778124 0.160271215439 0.380888621509 0.302664853353 0.297925976058 1.32477014065 0.765378314257 0.673419970274 0.532447 0.339235 0.00715751 0.0401699 -0.0158409 
0.0127271 -0.0855929 -0.0113058 0.144288 -0.054705 0.324842590094 0.269366513193 0.323594865575 0.115357744694 0.345077163726 0.280786236003 0.299398173299 0.278924864903 0.420890088379 0.480302083492 0.224093857408 0.309870812297 0.119405972958 0.203011739254 0.250512655079 0.236775140464 0.281389535591 0.265061016381 0.0488342225552 0.292755860556 0.254077225178 0.325682225823 -0.0139284 -0.0208263 -0.170434 0.115494 0.0816027 
0.14998 -0.00787097 0.209341 0.00346659 0.186836 0.306334402133 0.292722186726 0.285922727734 0.185196395218 0.41670833081 0.187629121542 0.20593855083 0.346587266028 0.383476677537 0.313946991414 0.0807589620352 0.246407157928 0.0382800281048 0.411601479352 0.258875078708 0.33115401417 0.347105178237 0.228745023906 0.32703272365 0.417766976357 0.240806310624 0.295311318897 -0.0315815 0.0838922 0.00482053 -0.00814025 0.080176 
0.218064 0.364362 0.0437473 0.144807 -0.202368 0.451607394218 0.54275764823 0.438735532761 0.563075560331 0.234618547559 0.209530691803 0.328605487198 0.205870683491 0.347382608056 0.307278063335 0.313952580281 0.409783530235 0.307230402436 0.419151212275 0.148646149039 0.27712074779 0.333950638026 0.378277371824 0.316666658223 0.261952582002 0.160593900084 0.399779173732 0.00260534 -0.0776889 0.0531612 0.0294262 -0.0536508 
0.037579 -0.0580054 -0.149118 0.0684434 0.0101123 0.316947301105 0.373142275214 0.451019781828 0.312231194414 0.438963609934 0.0665980309248 0.028456735611 0.17433424592 0.264341495186 0.340087494999 0.25580554381 0.366364057362 0.302209991449 0.319788986072 0.336010883749 0.401222388446 0.360952816159 0.387175488472 0.348533815891 0.403386647999 0.184011767805 0.369517180324 0.0972068 -0.0905326 0.0374051 -0.0218161 -0.0370061 
0.047924 0.221116 0.128823 0.0362262 0.000483042 0.750744926929 0.51645206213 0.394502978027 0.448693174124 0.561043459177 0.299933913219 0.290859178826 0.260322584957 0.192966121435 0.281563763693 0.583435195684 0.169469508529 0.213556620479 0.440565499663 0.32808204852 0.333444847912 0.500259447098 0.429367992282 0.2887052048 0.318085218966 0.28612231575 0.231590251625 0.0437533 0.0973855 0.0358774 -0.00775401 0.126448 
-0.00588531 0.130233 -0.012464 -0.0876942 -0.165475 0.434283870459 0.364191155136 0.315970563516 0.259622718394 0.599447178841 0.347395545989 0.265593915433 0.463408666849 0.429132419825 0.293529968429 0.284264137223 0.656796115637 0.216429005563 0.357884141803 0.299493064359 0.411307121813 0.285742378049 0.421898569167 0.250809057802 0.297961936751 0.268774506822 -0.170853835344 -0.173542 -0.0233125 -0.147984 0.124938 -0.0178358 
0.0120366 0.142757 -0.0844558 0.0786965 -0.0168917 1.19758586884 0.40373929888 0.543089064956 0.482732746005 0.371248494089 0.340886294097 0.385569530725 0.263966034353 0.344647108763 -0.186711710691 0.318343243748 0.43954436779 0.314165428467 0.0277754843235 0.390846426785 0.318975785002 0.292260371801 0.439123126864 0.31489724312 0.369785326719 0.307957280613 0.12854808867 -0.151877 0.0131182 0.0987139 -0.0737855 -0.0838257 
-0.256543 0.048241 -0.0120823 -0.142583 -0.0257369 0.301562666381 0.338376517594 0.354734863341 0.298998686671 0.386057461798 0.424699279666 0.405636574328 0.321952126175 0.309972174652 0.351733314991 0.298763175565 0.160327333212 0.247028655559 0.365322704613 0.307449481171 0.289049659111 0.372534024715 0.233642484248 0.295767257176 0.245411585271 0.341477713734 0.24470506534 -0.0667839 -0.409695 0.0575411 -0.00501726 -0.0397568 
0.00798772 -0.22437 0.108843 -0.102634 -0.0492792 0.345558903366 0.332978288829 0.315290924348 0.380881163478 0.300377828634 0.246349009871 0.345558813959 0.30699204253 0.34736861214 0.42899197638 0.393613892794 0.281574386358 0.322216815501 0.302678051358 0.346202301979 0.0537547051907 0.254477604479 0.289871991798 0.296765964432 0.286811877228 0.510979819298 0.327097657323 -0.00257918 0.117644 -0.157915 0.0485129 0.0126165 
0.0613952 -0.0157567 0.0115451 -0.0106741 -0.0784969 0.268818414956 0.350667639822 0.410261060297 0.33809915483 0.308451509289 0.269207212329 0.165171089768 0.555588531494 0.30200895872 0.30098348863 0.287913306803 0.216470676661 0.0975442707539 0.154106113315 0.527894797921 0.297818645323 0.186141970754 0.257628913224 0.476557227969 0.306526717916 0.23675390631 0.304572057165 -0.0767667 0.0395423 -0.0984623 0.00724722 -0.0325279 
-0.130381 0.0468089 -0.141541 -0.0655908 0.0886245 0.413892190158 0.272677463666 0.301517039957 0.0101155817509 0.196365456283 0.304658079706 0.206513027847 0.325047492236 0.260209466517 0.260128456354 0.330218636617 0.196111853421 0.431805196404 0.148995625973 0.318406596035 0.118907663226 0.306531974301 0.252397730201 0.238274271786 0.59571211338 0.512020099163 0.164047214389 -0.146807 -0.12286 0.0484972 -0.0166788 0.105586 
0.0101076 0.0374584 -0.0314128 0.177481 -0.0436563 0.501458781958 -0.015370708704 0.425114962459 0.390960159898 0.287710131332 0.326946762577 0.263886324316 0.186976182461 0.194442088902 0.375311340392 0.207876089215 0.323012775928 0.318951758742 0.281569165364 0.5767585814 0.450450199842 0.657682228088 0.352428219467 0.269920741394 0.268666274101 0.288168024458 0.105801466107 -0.00555627 -0.00865411 -0.213379 -0.0671819 -0.143901 
-0.112578 0.0724185 -0.143262 -0.133359 0.169256 0.246422118694 0.198550182581 0.220321933925 0.232052470744 0.294802832138 0.26420083195 0.521917495131 0.268479651958 0.351226988435 0.462190720439 0.092955711484 0.224673005939 0.60368834734 0.326364164427 0.49904781878 0.292572948802 0.330961176381 0.145532685518 0.372299435735 0.565423178673 0.155320185423 0.310666324757 0.173125 -0.0397759 -0.101462 0.0217832 0.0373719 
0.0178555 -0.0229212 0.10774 -0.0417287 -0.00951416 0.0623784 0.417024 0.0554325 -0.0383003 -0.166152 -0.000843673 -0.0121757 0.0357975 -0.0244429 -0.13488 -0.0401489 -0.0825903 0.0556256 -0.00326663 0.0377318 0.0642706 0.0632968 0.107553 0.0605788 -0.0470775 0.00922814 0.237489 -0.133096 -0.221663 -0.133835 0.0519959 0.016481 
-0.0228915 -0.305666 -0.120421 0.0102776 0.0545405 0.157101 -0.0711614 0.0545725 0.0626557 0.097405 0.0617198 0.0763049 0.0689872 0.0205598 -0.096923 -0.123698 -0.0676016 -0.139669 -0.0285604 -0.0145047 0.34233 0.0900287 0.235259 0.279855 0.0296291 -0.0168693 0.119789 -0.0639512 0.0813606 -0.0214769 0.0224539 0.036963 
0.0147595 0.0645507 -0.0810979 -0.0256392 -0.0508812 0.0855951 -0.00446351 -0.0358149 -0.0123531 -0.0748363 -0.218834 -0.0249362 -0.116576 -0.0589688 0.0325209 -0.0745091 0.0473308 0.0367184 -0.0153805 0.029736 0.126897 -0.0261676 0.293356 0.0319329 -0.0504883 -0.106875 0.106864 0.112156 -0.172092 -0.0703053 0.103645 -0.0210489 
0.093559 0.0648204 -0.158648 0.05217 0.200488 -0.112173 -0.0574585 -0.250375 0.0165934 0.219265 0.0693632 -0.183099 -0.0787821 -0.0263872 -0.103407 0.256815 0.164696 0.049721 -0.0694902 -0.0186642 0.0226205 -0.0139843 -0.0190537 -0.102782 -0.0593177 -0.101344 0.668206 -0.0192108 0.0489252 -0.0196247 0.0516304 0.16175 
0.16489 0.0814067 -0.0181942 -0.273599 0.320781 -0.0279466 0.26762 0.00944158 0.0981559 0.041499 0.154704 0.173381 0.103653 -0.117148 0.0188594 0.0799973 0.136983 0.0560135 0.337681 -0.0462908 0.0961385 -0.00703683 -0.0377969 0.000441475 -0.000444049 -0.102811 0.024176 -0.00995764 0.177638 0.0663503 -0.00450407 -0.0758051 
