0.298891 0.451959 0.254239 0.256332 0.154844 0.305628 0.215646 0.403952 0.357876 0.276006 0.400323 0.200431 0.256201 0.296838 0.33183 0.310305 0.542397 0.0969385 0.411654 0.573549 0.0528051 0.268246 0.446512 0.53583 0.252039 0.315515 0.299358 0.41122 0.256839 0.332462 0.287163 0.104458 
0.678415 0.365015 0.228423 0.309113 0.237748 0.368411 0.32003 0.464097 0.403306 0.484945 0.547085 0.478934 0.216851 0.187488 0.0673364 0.465698 0.330263 0.601109 0.365665 0.462627 0.362919 0.143463 0.242839 0.34529 0.20549 0.131601 0.307928 0.559537 0.504974 0.471944 0.281121 0.39638 
0.418489 0.469226 0.37126 0.59164 0.379835 0.155422 0.262711 0.324192 0.232985 0.348457 0.475997 0.24156 0.688344 0.383512 0.188806 0.691759 0.278053 0.354353 0.415826 0.300047 0.419037 0.333962 0.36437 0.475332 0.437038 0.295676 0.385224 0.225304 0.0924429 0.322519 0.219949 0.243337 
0.507883 0.318311 0.558275 0.32762 0.483937 0.382757 0.338502 0.351144 0.191607 0.212666 0.576965 0.246565 0.517764 0.153874 0.356644 0.298182 0.218144 0.68587 0.330805 0.398367 0.568827 0.45234 0.415252 0.242458 0.4714 0.283518 0.567832 0.230007 0.375742 0.295667 0.348606 0.305125 
0.399349 0.249903 0.339388 0.391158 0.171131 0.476019 0.348709 0.519663 0.197692 0.196146 0.243889 0.45288 0.724294 0.208974 0.289536 0.370838 0.449854 0.376481 0.578624 0.424899 0.485146 0.36489 0.387063 0.217435 0.395677 0.34678 0.356068 0.358639 0.194151 0.485818 0.277957 0.301722 
0.539359 0.391252 0.526585 0.368513 0.768228 0.329494 0.47499 0.090207 0.382465 0.20343 0.303349 0.305549 0.278465 0.303268 0.247265 0.494307 0.236981 0.23864 0.154885 0.377092 0.261743 0.0963647 0.269077 0.309216 0.291754 0.284449 0.295955 0.548061 0.258683 0.375255 0.226008 0.269112 
0.316495 0.430157 0.477687 0.947941 0.482886 0.230007 0.608200776577 0.696489083767 0.640876698494 0.712441581488 0.459725502133 0.62357442379 0.451300355792 0.422730769217 0.64439677 0.570014077425 0.645437854528 0.59436275363 0.736427861452 0.576855587959 0.680239278078 0.646971333027 0.62639554143 0.610923218727 0.583880591393 0.495898503065 0.21452 0.373053 0.42637 0.360679 0.249713 0.127164 
0.471251 0.228683 0.406834 0.307347 0.345356 0.261804 0.682995158434 0.700924295187 0.578163701296 1.10766808987 0.758584457636 0.502672958374 0.511604952812 0.718736070395 0.417431864142 0.737348902225 0.654365319014 0.352644368261 0.660474735498 0.628488558531 0.618054825068 0.513292226195 0.622315394878 0.578251767159 0.676794874668 0.277211738005 0.274264 0.120871 0.46256 0.438925 0.283011 0.243811 
0.465053 0.278009 0.427077 0.405348 0.599409 0.404143 0.56825645566 0.650941330194 0.679043549299 0.712199854851 0.637649106979 0.651810604334 0.476309347153 0.6722435534 0.505880045891 0.410795103014 0.369423995912 0.534913036227 0.591194438934 0.554602849483 0.485351550579 0.611718702316 0.556019830704 0.661441195011 0.552544522285 0.92004673481 0.184214 0.206551 0.307883 0.254138 0.367238 0.408819 
0.265929 0.122193 0.424564 0.273358 0.629783 0.562062 0.662927109003 0.733610767126 0.597267049551 0.992929148674 0.617752808332 0.643810856342 0.572116601467 0.690343725681 0.60800139904 0.657324749231 0.531261432171 0.616215276718 0.693608540297 0.564521121979 0.687483716011 0.67068772316 0.594784754515 0.55386852026 0.499415504932 0.718910235167 0.333127 0.217588 0.27153 0.164612 0.391665 0.400618 
0.309587 0.586154 0.367098 0.484305 0.341355 0.41093 0.610564607382 0.662541615963 0.501352119446 0.754602628946 0.740131664276 0.646345037222 0.512989851832 0.608540642262 0.646033841372 0.609038639069 0.396487395465 0.748460817337 0.844351458549 0.459798592329 0.543155002594 0.67439891696 0.840345311165 0.745965081453 0.586844819784 0.689226943254 0.245989 0.330252 0.348643 0.447213 0.32374 0.343263 
0.482321 0.375793 0.489554 0.478497 0.381062 0.345858 0.71507846117 0.720894622803 0.982715952396 0.55667321682 0.584729093313 0.74892629981 0.350038624555 0.167663264275 0.72188552022 0.746856290102 0.635995256901 1.09931157827 0.669077652693 0.77589302063 0.73551453948 0.708030629158 0.946111249924 0.524799901247 0.610054212809 0.585758763552 0.23069 0.323659 0.57456 0.52409 0.415942 0.429837 
0.301303 0.366885 0.218267 0.381338 0.275355 0.292369 0.631794589758 0.560920315981 0.799284595251 0.656742411852 0.491851049662 0.416267055273 0.554653394222 0.302392581664 0.58368383646 0.641414183378 0.4265553087 0.863959598541 0.231708298624 0.469149011374 0.593563038111 0.857122886181 0.98569880724 0.737546223402 0.621078181267 0.622400271893 0.45156 0.485135 0.433049 0.204927 0.518494 0.527976 
0.307349 0.451977 0.119106 0.0979852 0.330294 0.171502 0.344700026512 0.419518496096 0.489112409949 0.689972269535 0.53393972218 0.513762819767 0.516081634164 0.3350481309 0.59932820797 0.654937911034 0.635466742516 0.679954814911 0.627430129051 0.670060324669 0.725322502851 0.793012338877 0.668147999048 0.763166445494 0.579613286257 0.527410554886 0.383532 0.336581 0.290421 0.480434 0.538663 0.405434 
0.254417 0.186042 0.370954 0.440899 0.335302 0.341637 0.934882867336 0.562646198273 0.590960222483 0.650348442793 0.543643283844 0.479083198309 0.619673091173 0.653874385357 0.630434113741 0.545781883597 0.506679344177 0.428095701337 0.630332994461 0.938455152512 0.531626152992 1.2006074667 0.850404667854 0.831987547874 0.650597023964 0.599801081419 0.388121 0.193392 0.302517 0.36419 0.340908 0.312574 
0.212491 0.361725 0.266922 0.34307 0.333855 0.558535 0.598647403717 0.611980038881 0.712227958441 0.524857479334 0.568673449755 0.748531717062 0.669052857161 0.562469172478 0.652112114429 0.643253791332 0.560648131371 0.466556835175 0.590536344051 0.414088870585 0.622846323252 0.552890974283 0.70276068449 0.677100735903 0.604030299187 0.442345413566 0.313593 0.408055 0.284739 0.313543 0.277221 0.279733 
0.369255 0.23803 0.324924 0.153529 0.412171 0.444315 0.423116858304 0.524747553468 0.516975793242 0.860729980469 0.764758366346 0.532237324119 0.497669938207 0.651749867201 0.565265643597 0.572202640772 0.750907170773 0.623668181896 0.548593777418 0.645999121666 0.654210346937 0.580110418797 0.654122579098 0.573290663958 0.831049191952 0.511821600795 0.33529 0.330006 0.262568 0.295269 0.321056 0.241505 
0.178448 0.191782 0.366074 0.30978 0.323256 0.191028 0.668029177189 0.6281673491 0.578397858143 0.619391131401 0.708427029848 0.427289175987 0.288063462079 0.635581302643 0.6916888237 0.567505735159 0.6236990273 0.606033015251 0.866212534904 0.647793132067 0.437965992093 0.6025791049 0.576003599167 0.60874684453 0.645771610737 0.606578367949 0.213936 0.356925 0.312204 0.753161 0.489861 0.514416 
0.209621 0.252192 0.402908 0.471864 0.731554 0.0400231 0.541603836417 0.571945953369 0.578132677078 0.492705065012 0.449195030332 0.466965991259 0.606964665651 0.554507273436 0.59010412097 0.544995638728 0.53714543879 0.63902400732 0.746342885494 0.606855231524 0.743594485521 0.590403425694 0.871070253849 0.625036168098 0.583760607243 0.585354197025 0.25547 0.323342 0.468394 0.280911 0.294332 0.37669 
0.178382 0.374392 0.345445 0.22764 0.236613 0.290044 0.470555174351 0.628633755445 0.60767467618 0.600493359566 0.460008683801 0.861492264271 0.556952613592 0.620024102926 0.616502064466 0.419516350329 0.590213465691 0.499656710029 0.531002300978 0.772963303328 0.578874784708 0.422354097664 0.502159360051 0.435506004095 0.614950466156 0.612648355961 0.271602 0.298679 0.397803 0.299926 0.293424 0.234426 
0.360647 0.370324 0.392386 0.218546 0.181343 0.125536 0.612361449003 0.48728582561 0.563678610325 0.595662462711 0.608382749557 0.627323973179 0.511924925447 0.468399691582 0.407128478587 0.44676758647 0.546438547969 0.628620553017 0.624598819017 0.594641017914 0.602381306887 0.541130679846 0.55798329711 0.63116927743 0.600225168467 0.412029023468 0.393081 0.204152 0.326828 0.299424 0.154197 0.596201 
0.282112 0.250061 0.297572 0.308292 0.234432 0.384799 0.628252702951 0.513466525078 0.712703365088 0.287144242972 0.627652066946 0.621755468845 0.621958661079 0.816486883163 0.611918646097 0.711882758141 0.264794136584 1.31008677483 0.71690737009 0.33796858713 0.527682828903 0.611632186174 0.627428728342 0.564236032963 0.819684791565 0.744891244173 1.02813 0.998934 0.321779 0.116471 0.294607 0.276698 
0.286314 0.446646 0.331507 0.372284 0.304699 0.261198 0.619330096245 0.695609855652 0.677027601004 0.659915584326 0.619998204708 0.56866209507 0.615462529659 0.493695738912 0.648143190145 0.467709037662 0.430803927779 0.853757727146 0.910825240612 0.735080200434 0.624691623449 0.718603509665 0.521280679107 0.745611417294 0.877086091042 0.926516640186 0.459401 0.739676 0.738933 0.330917 0.376467 0.368734 
0.370491 0.239752 0.273437 0.26281 0.370406 0.282377 0.586576837301 0.54116255343 0.700954216719 0.796874958277 0.577785688639 0.516885507107 0.589977282286 0.572634416819 0.702102679014 0.681053477526 0.73036082387 1.01462976933 0.633548605442 0.856897819042 0.540601539612 0.657911407948 0.707502472401 0.843044149876 0.887574601173 1.32031588554 0.808536 0.70093 0.410733 0.288252 0.208184 0.230321 
0.188123 -0.0513248 0.26886 0.43788 0.313897 0.199244 0.570151495934 0.652147698402 0.631106215715 0.619434046745 0.61033551693 0.473679053783 0.340555391461 0.93750576973 0.594461280107 0.753003615141 0.969929027557 0.934799897671 0.723571020365 0.542290705442 0.536855328083 0.520283955336 0.535808178782 1.0790132761 0.996649074554 1.06786398888 0.335802 0.600097 0.225908 0.427757 0.513766 0.465896 
0.00964065 0.369823 0.313325 0.441786 0.253931 0.361553 0.576542752981 0.717981564999 0.531944009662 0.747485804558 0.400020036101 0.607408958673 0.533391657472 0.878956305981 0.514657977223 0.782749074697 0.6885217309 1.21066807508 0.674845713377 0.523127678037 0.575150954723 0.552243191004 0.409040260315 0.672349828482 0.808032143116 0.608433711529 0.298805 0.727648 0.379973 0.33828 0.2603 0.484486 
0.330496 0.303487 0.36057 0.112143 0.125612 0.322908 0.261062 0.54889 0.137264 0.351666 0.256473 0.301401 0.251372 0.187089 0.390041 0.451047 0.246107 0.351468 0.288692 0.232111 0.365929 0.292792 0.404394 0.192243 0.328146 0.380726 0.410932 0.254251 0.232502 0.298749 0.540221 0.155657 
0.302372 0.538278 0.723627 0.404571 0.275126 0.386057 0.358822 0.25671 0.265166 0.340059 0.409862 0.446465 0.265967 0.642267 0.52974 0.249846 0.230599 0.401281 0.250198 0.468284 0.402641 0.44431 0.543856 0.265955 0.475912 0.402901 0.348165 0.318043 0.21541 0.416603 0.159569 0.367194 
0.39402 0.389642 0.208208 0.213826 0.522755 0.298572 0.263082 0.364092 0.253798 0.209793 0.405074 0.296723 0.300091 0.28845 0.48043 0.220351 0.215081 0.365566 0.439389 0.375736 0.417145 0.337419 0.487118 0.542442 0.300902 0.264421 0.387222 0.346671 0.391137 0.265051 0.164616 0.325011 
0.241832 0.432848 0.273252 0.440411 0.406434 0.191727 0.227766 0.247367 0.412501 0.238317 0.218334 0.126942 0.517033 0.399333 0.36998 0.497173 0.389895 0.210155 0.327137 0.334955 0.325148 0.439306 0.253883 0.830631 0.391718 0.883445 0.339504 0.27418 0.0809117 0.342958 0.355519 0.686082 
0.269939 0.323606 0.414758 0.240554 0.373142 0.412533 0.26639 0.400194 0.245299 0.359927 0.328131 0.31217 0.353214 0.370055 0.238144 0.196498 0.15512 0.198438 0.359439 0.443631 0.182201 0.554819 0.276395 0.472638 0.0356474 0.463691 0.320788 0.561938 0.285893 0.411707 0.386897 0.6066 
0.206116 0.271038 0.297945 0.316924 0.344034 0.0678675 0.234766 0.242191 0.345011 0.293468 0.264535 0.280068 0.274355 0.132707 0.0844638 0.302854 0.461625 0.374335 0.413789 0.477745 0.47395 0.303263 0.316012 0.537286 0.393227 0.29695 0.308949 0.437082 0.283236 0.304889 0.309015 0.361633 
