-0.255707 -0.0994521 -0.13467 -0.422279 -0.263631 -0.411745 -0.330005 -0.365292 -0.213127 -0.43531 -0.233943 -0.257843 -0.321466 -0.419364 -0.203216 -0.395817 -0.330643 -0.420249 -0.185048 -0.29504 -0.319864 -0.288531 -0.323018 -0.344118 -0.277993 0.468263 0.666821 0.465717 -0.261949 -0.14785 -0.146121 -0.286092 
-0.290758 -0.256942 -0.336525 -0.315471 -0.337602 6.20805 4.70988 3.29867 5.00731 1.96574 -0.426994 -0.328196 -0.161441 -0.357296 -0.421153 -0.243485 -0.300854 -0.229748 -0.349598 -0.25773 -0.219286 -0.477968 -0.369377 -0.338262 -0.312566 0.149873 0.0421199 -0.0885117 -0.208645 0.0430645 -0.200788 -0.319612 
-0.57432 0.0490297 -0.282048 -0.376403 -0.2785 0.805463 1.18389 0.336978 4.6653 3.13535 3.00436 4.28752 2.81964 1.39054 -0.289515 -0.139991 -0.403701 -0.293436 -0.271073 -0.296474 -0.391322 -0.288143 -0.220416 -0.285571 -0.361624 0.379612 0.129972 0.287335 -0.255722 0.306044 -0.333406 -0.345953 
-0.249321 -0.334605 -0.19585 -0.141993 -0.404332 2.3293 2.92702 1.59578 1.57344 5.25771 2.78973 0.966351 3.75767 1.42051 -0.270831 -0.132494 -0.226331 -0.328477 -0.368372 -0.316111 -0.0846802 -0.369976 -0.303766 -0.342553 -0.373876 -0.099564 0.399372 -0.143085 -0.00971652 0.321638 -0.348811 -0.320334 
-0.373884 -0.197891 -0.273533 -0.292588 -0.208036 0.386588 4.14606 0.809497 0.64441 1.54329 2.7916 2.7147 2.70188 -0.355263 -0.308149 -0.29565 -0.321312 -0.148171 -0.300684 -0.305065 -0.306884 -0.289303 -0.164027 -0.517396 -0.283992 -0.404264 -0.298157 -0.390868 -0.379524 -0.304929 -0.526138 -0.410716 
-0.379507 -0.294457 -0.340822 -0.256002 -0.378286 0.532504 -0.238909 -0.234847 0.975088 2.3053 3.1695 1.12732 2.18155 1.04445 -0.267511 -0.259441 -0.30364 -0.426782 -0.373469 -0.324566 -0.340499 -0.261758 -0.505036 -0.222924 -0.311888 -0.194325 -0.51246 -0.280207 -0.349165 -0.409793 -0.468785 -0.314767 
-0.301864 -0.497185 -0.131835 -0.11357 -0.432458 -0.331566 -0.180038 -0.231397 -0.280281 1.68172 1.51951 1.47647 2.15359 2.09073 0.830562 0.391166 5.14688 0.175647 -0.340399 -0.468418 -0.302695 -0.177756 -0.377267 -0.310872 -0.312162 -0.348505 -0.278189 -0.345538 -0.30221 -0.249376 -0.352305 -0.378109 
-0.435092 -0.364383 -0.296258 -0.15835 -0.311834 -0.132128 -0.133998 -0.391752 -0.396506 -0.22985 -0.135642 -0.367655 -0.393141 1.45917 0.249872 1.80743 0.186509 5.86239 -0.384354 -0.284364 -0.321521 -0.383979 -0.306699 -0.305952 -0.292664 -0.152924 -0.196793 -0.789199 -0.422219 -0.324969 -0.378115 -0.267952 
-0.214525 -0.223427 -0.253586 -0.306648 -0.338574 -0.307483 -0.30161 -0.727221 -0.284078 -0.1646 0.0509034 -0.244188 -0.280959 0.94313 2.47367 5.08818 0.116088 0.186234 -0.494849 -0.327352 -0.317608 -0.105406 -0.146482 -0.290649 -0.289087 -0.29511 -0.414281 -0.261549 -0.221655 -0.302636 -0.319416 -0.190851 
-0.28507 -0.484882 -0.514878 -0.300948 -0.437055 0.00776491 -0.398594 -0.143568 -0.25025 0.283216 -0.263098 -0.312216 -0.349841 1.61048 0.921202 -0.21231 1.01732 0.0836217 -0.129373 -0.403561 -0.366048 -0.226826 -0.354205 -0.253742 -0.0618534 -0.385806 -0.0284084 -0.322788 0.273798 -0.282724 -0.309636 -0.180018 
-0.393507 -0.336614 -0.343769 -0.427118 -0.324126 -0.396234 -0.302183 -0.380606 -0.371305 -0.188604 -0.181594 0.158429 -0.231328 1.60012 0.63068 0.0449052 0.218771 -0.0862104 -0.294768 -0.361924 -0.287439 -0.839284 -0.30542 -0.251734 -0.198544 -0.140504 -0.318494 -0.30517 -0.283711 -0.327716 -0.377667 -0.356903 
-0.26416 -0.29116 -0.37015 -0.335268 -0.301478 -0.412163 -0.24821 -0.431856 -0.293159 -0.190379 -0.151606 -0.312972 -0.32656 -0.374955 -0.423575 -0.281377 -0.308013 -0.432752 -0.321027 -0.288016 -0.387224 -0.357536 -0.504295 -0.295644 -0.0358818 -0.312006 -0.251357 -0.276174 -0.343544 0.0169914 -0.253177 -0.335549 
-0.120234 0.300136 -0.282716 -0.506981 -0.406512 -0.330126 -0.238988 -0.566317 -0.32675 -0.313691 -0.24409 -0.282019 -0.484619 -0.324991 -0.262488 -0.38631 -0.298333 -0.391308 -0.368245 -0.310975 -0.429506 -0.397638 -0.268817 -0.0585275 -0.353323 -0.282231 -0.240588 -0.296113 -0.440451 -0.316573 -0.242089 -0.48114 
-0.0144077 -0.189248 -0.331394 -0.300914 -0.268319 -0.335045 -0.238103 -0.208132 -0.524882 -0.306943 -0.19265 -0.270524 -0.67566 -0.259039 -0.283498 -0.29527 -0.263711 -0.204029 -0.341393 -0.830832 -0.335174 -0.323231 -0.286849 -0.17177 0.0028864 -0.532178 -0.511376 -0.162571 -0.379074 -0.436291 -0.338019 -0.355747 
0.169132 0.715797 -0.170644 -0.303806 -0.403632 -0.225491 -0.559559 -0.237374 -0.445904 -0.31629 -0.443087 -0.205024 -0.0629357 -0.248923 -0.249265 -0.402214 -0.377387 -0.310025 -0.303544 -0.183123 -0.123309 -0.326964 -0.147 -0.255806 -0.462476 -0.300288 -0.437414 -0.305982 -0.14056 -0.137986 -0.50642 -0.454449 
0.173906 -0.155041 -0.186085 -0.405421 -0.573499 -0.237158 -0.286692 -0.342119 -0.342934 -0.207132 -0.204988 -0.291727 -0.471915 -0.339423 -0.713297 -0.321802 -0.298951 -0.170271 0.0990527 -0.213864 -0.115193 -0.225395 -0.264996 -0.429433 -0.38395 -0.333454 -0.264508 -0.259273 -0.236352 -0.455039 -0.277048 -0.28234 
-0.14252 -0.531904 -0.288058 -0.0591921 -0.261666 -0.332114 -0.261117 -0.512617 -0.314373 -0.320909 -0.216196 -0.557793 -0.371947 -0.431709 -0.327548 -0.381562 -0.578219 -0.298977 -0.401306 -0.249206 -0.130531 -0.255925 -0.000502801 0.0151169 -0.323629 -0.169183 -0.572019 -0.33702 -0.298101 -0.314406 -0.569895 -0.257991 
-0.381229 -0.383596 -0.430377 -0.205192 -0.353077 -0.0180188 -0.278173 -0.326158 -0.443699 -0.219602 -0.151915 -0.301572 -0.270147 3.646 1.87415 -0.0824341 0.220204 1.07969 -0.333241 -0.237499 -0.305082 -0.272832 0.0891435 -0.505445 -0.452666 -0.357101 -0.094195 -0.340469 -0.322367 -0.229525 -0.295618 -0.294423 
-0.453419 -0.452739 -0.2477 -0.355325 -0.218095 -0.385996 -0.275865 -0.310141 -0.187692 -0.27196 -0.107657 -0.316165 -0.361693 1.6034 -0.276167 0.154516 0.581927 -0.130407 -0.522596 -0.11529 -0.237659 -0.0902011 -0.353299 -0.312791 -0.120914 -0.762972 -0.307572 -0.311117 -0.309764 -0.613958 -0.375279 -0.307594 
-0.456768 -0.257668 -0.303173 -0.165846 -0.478897 -0.469375 -0.599113 -0.248449 -0.352974 -0.0708422 -0.479323 -0.634447 -0.536277 0.135938 0.4226 1.65886 1.98866 1.52592 -0.472462 -0.430844 -0.313735 -0.310767 -0.414869 -0.140894 0.263862 -0.464943 7.65457 3.11735 -0.391227 5.93385 3.67324 -0.341299 
-0.0213309 -0.33302 -0.221292 -0.647741 -0.287718 -0.320431 -0.289282 -0.207892 -0.252707 -0.0566674 -0.248123 -0.326239 -0.271869 0.801708 -0.0839865 -0.0440463 3.6582 -0.27941 -0.413135 -0.477854 -0.276615 0.0130675 -0.300581 -0.217462 -0.409667 -0.17535 7.72836 -0.304179 0.895954 5.90695 0.889834 0.0212981 
-0.304868 -0.445912 -0.279773 -0.298933 -0.265702 -0.451127 -0.273683 -0.210737 -0.279527 -0.360416 -0.215102 -0.21964 -0.537422 1.54591 -0.0784286 5.0274 4.78276 2.58699 -0.114813 -0.302637 -0.234986 -0.250565 -0.432631 -0.386225 -0.366751 -0.311579 0.0885853 1.19496 1.21108 1.73999 4.68176 -0.179053 
-0.337523 -0.218647 -0.436916 -0.184065 -0.0657669 -0.125473 -0.315044 -0.069333 -0.336257 -0.206836 -0.318559 -0.518517 -0.438338 -0.367272 -0.27497 -0.448343 -0.32265 -0.16159 -0.228457 -0.298023 -0.489049 -0.282512 -0.288841 -0.409772 -0.102369 -0.281225 3.08195 1.12809 2.81795 2.6258 3.97122 -0.359592 
-0.302941 -0.221708 -0.216179 -0.2986 -0.238344 -0.316927 -0.425955 -0.0845165 0.0146025 -0.474598 -0.22923 -0.319782 -0.249146 -0.607473 -0.362064 -0.401306 -0.257366 -0.358503 -0.33705 -0.211865 -0.229163 -0.293465 -0.466785 -0.681383 -0.179656 -0.456066 2.85959 3.36753 2.12806 2.11882 3.92149 -0.30739 
-0.330185 -0.324698 -0.313583 -0.333545 -0.225854 -0.507503 -0.415981 -0.576045 -0.431476 -0.278806 -0.323142 -0.340061 -0.0779098 -0.551229 -0.302565 -0.232977 -0.348715 -0.376287 -0.277852 -0.563071 -0.410646 -0.25638 -0.268444 -0.229256 -0.339237 -0.312642 -0.431825 -0.535304 -0.132878 -0.425591 -0.313873 -0.226837 
-0.254168 -0.454201 0.04622 -0.402407 -0.287901 -0.415027 -0.430667 -0.278261 -0.376312 -0.236209 -0.21826 -0.302818 0.601706 0.241265 -0.260743 0.0036821 0.172074 -0.381011 -0.253414 -0.187845 -0.385987 -0.290542 -0.354921 -0.807284 -0.439508 -0.428193 -0.280775 -0.19171 -0.112442 -0.0652086 -0.366302 -0.318146 
-0.237856 -0.329866 -0.22855 -0.315195 -0.147504 -0.389886 -0.206785 -0.257307 -0.240151 -0.305488 -0.34116 -0.270486 -0.333495 0.0588758 -0.103368 0.324395 0.454969 -0.47871 -0.360896 -0.351299 -0.31147 -0.397407 0.306014 -0.40544 -0.275905 -0.293745 -0.295712 -0.357447 -0.250898 -0.374135 -0.278976 -0.220902 
-0.340316 -0.313799 -0.165997 -0.309712 -0.24883 -0.39303 -0.42206 -0.31258 -0.252349 -0.330852 -0.282696 -0.153033 0.243094 0.662195 0.820645 -0.125419 -0.153868 -0.407788 -0.407314 0.123104 -0.17742 -0.325101 -0.208762 -0.332561 -0.231945 -0.294288 -0.340966 -0.27453 -0.383736 -0.315278 -0.322112 -0.181037 
-0.106379 -0.311082 -0.324189 -0.25409 -0.24791 -0.157655 -0.334434 -0.251708 -0.312309 -0.305644 -0.169589 -0.250219 2.90384 -0.106816 4.19876 0.204006 0.73242 -0.281104 -0.344956 -0.212807 -0.306692 -0.124553 -0.349815 -0.458635 -0.389984 -0.320058 -0.255185 -0.271328 -0.00181733 -0.215142 -0.435454 -0.370017 
-0.328232 -0.111126 -0.237829 -0.246817 -0.304748 -0.29444 -0.0521822 -0.295295 -0.549643 -0.502135 -0.318292 -0.103369 -0.240193 -0.458019 2.98415 4.31238 2.94987 -0.455544 -0.328934 -0.563332 -0.00649278 -0.204103 -0.214929 -0.317653 -0.222085 -0.269433 -0.34648 -0.310294 -0.331722 -0.288122 -0.53673 -0.302518 
-0.388849 -0.324043 -0.0685699 -0.374804 -0.258429 -0.693945 -0.341042 -0.335392 -0.255418 0.00478298 -0.301401 -0.161329 -0.32402 -0.310156 -0.184612 -0.258298 -0.427499 -0.26451 -0.436952 -0.410291 -0.253139 -0.30124 -0.300923 -0.267429 -0.266295 -0.318713 -0.337669 -0.269057 -0.296924 -0.264905 -0.449958 -0.423396 
-0.173368 -0.200235 -0.366299 -0.411941 -0.117208 -0.343052 -0.346649 -0.282957 0.0221257 -0.207715 -0.0725548 -0.599859 -0.383019 -0.257313 -0.326499 -0.414074 -0.302066 -0.501404 -0.295195 -0.329374 -0.42481 -0.304282 -0.248565 -0.457671 -0.360632 -0.353297 -0.231617 -0.434436 -0.388561 -0.305365 -0.251223 -0.203209 
