0.135533 0.242622 0.157524 0.197309 0.400182 0.173723 0.325427 0.290294 0.584338 0.334798 0.195555 0.257035 0.208731 0.330466 0.28659 0.296844 0.202845 0.289791 0.258286 0.233982 0.627337 0.318593 0.36355 0.269763 0.169211 0.175907 0.25755 0.378544 0.359403 0.286853 0.269987 0.334195 
0.322963 0.282862 0.295173 0.304264 0.167733 0.204187 0.380484 0.576186 0.460054 0.1956 0.443243 0.330966 0.251547 0.30637 0.243993 0.50926 0.282345 0.065083 0.288762 0.397981 0.243228 0.253447 0.128341 0.0571582 0.379066 0.276565 0.0993901 0.290592 0.377993 0.623032 0.17669 0.26702 
0.321199 0.244052 0.310441 0.362202 0.114146 0.442026 0.0762562 0.365261 0.413258 0.611008 0.254963 0.294956 0.334839 0.293252 0.348753 0.291052 0.276173 0.286864 0.374442 0.509964 0.0953425 0.360802 0.199954 0.444471 0.517085 0.606615 0.297573 0.364908 0.520018 0.402181 0.480867 0.159519 
0.274711 0.462523 0.160806 0.149197 0.705796 0.328481 0.280238 0.377852 0.252442 0.349418 0.338343 0.327281 0.317987 0.28788 0.289673 0.138795 0.298835 0.318932 0.422977 0.304311 0.192674 0.180789 0.207287 0.422672 0.197332 0.204323 0.257331 0.453412 0.394037 0.263516 0.69114 0.303913 
0.553273 0.319806 0.24127 0.581912 0.0770095 0.375727 0.262423 0.231688 0.185051 0.461489 0.298702 0.197966 0.113575 0.119673 0.365057 0.281771 0.497922 0.372963 0.14347 0.365249 0.317941 0.140742 0.323093 0.393467 0.445414 0.295819 0.561961 0.394465 0.360299 0.25555 0.214265 0.410272 
0.354689 0.260472 0.171369 0.396909 0.184209 0.174914 0.328988 0.379749 0.331655 0.45675 0.343043 0.452077 0.495773 0.266259 0.281867 0.141007 0.290949 0.277568 0.29094 0.333814 0.0314592 0.380883 0.299567 0.290975 0.205713 0.423432 0.294945 0.326279 0.342768 0.288199 0.364364 0.238306 
0.354267 0.133212 0.219187 0.581714 0.284259 0.525205 0.323848 0.179267 0.439532 0.306369 0.486503 0.245976 0.34337 0.329777 0.304093 0.340938 0.381353 0.266708 0.332489 0.316824 0.483009 0.128107 0.294411 0.427253 0.256683 0.348745 0.313214 0.266078 0.123614 0.236549 0.32798 0.210973 
0.315744 0.59967 0.0890577 0.295716 0.416782 0.289315 0.271789 0.252696 0.582324 0.744529 0.692926 0.368499 0.404266 0.291213 0.343319 0.270178 0.335584 0.481344 0.191124 0.304627 0.186248 -0.112988 0.573335 0.518627 0.208804 0.225634 0.265757 0.435959 0.294136 0.328274 0.373777 0.389719 
0.288184 0.173108 0.380315 0.433781 0.355613 0.368769 0.439147 0.302039 0.444806 0.54108 0.549599 0.337687 0.306504 0.196631 0.354212 0.168504 0.306861 0.345701 0.66239 0.410245 0.30509 0.295841 0.380659 0.437635 0.401083 -0.0522778 0.36288 0.263108 0.221079 0.172332 0.233648 0.471401 
0.364847 0.0582696 0.267499 0.335533 0.164965 0.147788 0.250765 0.158849 0.556667 0.324251 0.219016 0.372638 0.516506 0.173667 0.203471 0.269876 0.379379 0.446261 0.57579 0.411925 0.347574 0.162433 0.197656 0.375613 0.302505 0.144428 0.168178 0.285095 0.236207 0.42938 0.0838885 0.327375 
0.257647 0.308617 0.248668 0.276003 0.385473 0.47776 0.436938 0.315121 0.630513 0.295935 0.363282 0.31395 0.271572 0.36216 0.487016 0.461419 0.554706 0.459041 0.504634 0.418138 0.281235 0.27653 0.434335 0.19145 0.199416 0.0361165 0.368928 0.286377 0.237377 0.317849 0.33365 0.316393 
0.487615 0.0941813 0.221717 0.346542 0.244265 0.0678701 0.42662 0.341203 0.341943 0.231133 0.201808 0.221715 0.371159 0.270618 0.223941 0.263601 0.208804 0.072939 0.404766 0.563235 0.289339 0.255459 0.340118 0.220901 0.333351 0.396341 0.249275 0.33024 0.298468 0.22517 0.359764 0.398374 
0.302824 0.143754 0.278738 0.239123 0.354889 0.432317 0.100391 0.2175 0.136294 0.189628 0.334273 0.276763 0.404395 0.234133 0.320657 0.369306 0.394216 0.440159 0.603504 0.396691 0.336251 0.218663 0.190919 0.125853 0.226871 0.270444 0.424411 0.212234 0.469114 0.327667 0.298194 0.323264 
0.474495 0.225524 0.343279 0.292802 0.564973 0.20439 0.455583 0.076678 0.241135 0.312661 0.349392 0.318864 0.324108 0.21382 0.235771 0.419192 0.345344 0.146861 0.295722 0.2719 0.294919 -0.0122911 0.231255 0.356815 0.220982 0.280424 0.16264 0.393562 0.281888 0.248217 0.089249 0.340768 
0.388522 0.453683 0.881065 0.52779 0.163871 0.311328 0.388555 0.265174 0.250954 0.227014 0.284682 0.375798 0.315303 0.384874 0.323554 0.216551 0.333079 0.328023 0.544486 0.24231 0.422647 0.245054 0.158972 0.408183 0.15743 0.250554 -0.00663364 0.23551 0.15427 0.33762 0.175968 0.327896 
0.36628 0.579697 0.500535 0.295621 0.298741 0.174999 0.260446 0.295267 0.229276 0.230487 0.340121 0.317974 0.292697 0.122819 0.662823 0.44034 0.298212 -0.0430293 0.0107722 0.36559 0.265135 0.300123 0.408311 0.27767 0.29423 0.32946 0.358364 0.184612 0.108819 0.162823 0.25984 0.229341 
0.702549 0.334226 0.291099 0.42659 0.348053 0.327435 0.356075 0.389509 0.312983 0.250008 0.416339 0.213379 0.311211 0.320163 0.237466 0.265745 0.437664 0.386818 0.178613 0.385669 0.354582 0.0965238 0.37467 0.0765442 0.354903 0.278051 -0.00702494 0.331345 0.381695 0.208914 0.384676 -0.074951 
0.41813 0.149493 0.205666 0.319054 0.316981 0.287158 0.220956 0.516609 0.394304 0.195678 0.254552 0.518225 0.221131 0.0528858 0.390856 0.48259 0.374506 0.328655 0.370364 0.357387 0.315277 0.356916 -0.0119527 0.271205 0.353539 -0.0687813 0.25714 0.35806 0.244681 0.538987 0.330442 0.326448 
0.245169 0.425508 0.442343 0.763486 0.243248 0.318458 0.242095 0.271194 0.31617 0.253398 0.388198 0.338512 0.211702 0.377315 0.292177 0.224598 0.236424 0.374083 0.421084 0.239231 0.393285 0.576551 0.2642 0.38265 0.345598 0.239173 0.293907 0.42085 0.501118 0.244922 0.528022 0.443149 
0.55179 0.35189 0.409354 -0.077097 0.414618 0.284631 0.399973 0.297435 0.32183 0.169714 0.306503 0.308512 0.281092 0.206089 0.225576 0.735099 0.28998 0.330812 0.522699 -0.0928404 0.331282 0.230846 0.126349 0.0877636 0.292641 0.242872 0.202653 0.305585 0.384553 0.245003 0.310729 0.490255 
0.284478 0.412619 0.238172 0.305949 0.163582 0.574237 0.355883 0.256178 0.367765 0.293146 0.534454 0.305715 0.287884 0.317127 0.274071 0.270777 0.309195 0.692183 0.332173 0.195878 0.143859 0.512042 0.248706 0.305934 0.241951 0.19422 0.353654 0.381303 0.251613 0.270862 0.265734 0.12709 
0.237766 0.289585 0.300074 0.34185 0.0836264 0.135998 0.31775 0.300642 0.260533 0.75142 0.179841 0.507649 0.4292 0.349762 0.318766 0.258971 0.101675 0.31464 0.306508 0.296104 0.233285 0.306753 0.302066 0.297091 0.392907 0.249312 0.316406 0.331415 0.286337 0.364202 0.271286 0.28354 
0.372616 0.152267 0.199119 0.590153 0.261076 0.364223 0.259691 0.180987 0.300811 0.291757 0.233226 0.394403 0.333914 0.292167 0.402005 0.184188 0.198081 0.335762 0.351486 0.277678 0.390283 0.385644 0.277498 0.235887 0.301293 0.365286 0.285258 0.394083 0.271258 0.320956 0.333728 0.184605 
0.0967873 0.0562973 0.497388 0.365829 0.468509 0.261863 0.361084 -0.0181924 0.3723 0.276758 0.186064 0.0310938 0.254243 0.435086 0.213516 0.289681 0.337667 0.351701 0.293508 0.420029 0.107987 0.205369 0.280104 0.603495 0.15764 0.178768 0.208966 0.415936 0.557518 0.446699 0.391197 0.338101 
-0.227809 0.508829 0.0493597 0.24071 0.270207 0.180097 0.27303 0.21469 -0.0651162 0.374426 0.569212 0.332297 0.393402 0.346353 0.193669 0.230883 0.129731 0.318412 0.287655 0.156692 0.36715 0.327485 0.141148 0.0144935 0.285197 0.326269 0.406888 0.504188 0.592189 0.403127 0.438253 0.466214 
0.461088 0.676097 0.737301 1.00289 1.18121 0.231249 0.23393 0.2348 0.309118 0.320404 0.306054 0.212176 0.486006 0.296341 0.438695 0.60264 0.367816 0.351001 0.285205 0.225035 0.267309 0.366665 0.276691 -0.472931 0.456621 0.165369 0.479205 0.229479 0.394443 0.813233 0.570315 0.340467 
1.16586 0.728321 0.642032 0.575238 0.96527 0.203126 0.259312 0.36721 0.343208 0.317221 0.276322 0.280317 0.245361 0.149878 0.258543 0.379445 0.358339 0.0364085 0.351222 0.158233 0.248274 0.255464 0.230926 0.302508 0.320283 0.265546 0.284029 0.424855 0.483369 0.542067 0.453708 0.296746 
0.360365 0.732842 0.711426 1.00044 1.06885 0.0752054 0.286118 0.317911 0.316288 0.388647 0.342151 0.147585 0.262731 0.3268 0.29068 0.300416 0.284843 0.245248 0.755134 0.204701 0.0742593 0.267462 0.129788 -0.0405782 -0.25529 0.302802 0.170689 0.712062 0.376908 0.459168 0.441832 0.374326 
0.847556 0.359144 0.579175 0.604934 0.422778 0.597713 0.172446 0.178642 0.284692 0.463791 0.295758 0.309369 0.499535 0.260718 0.580786 0.316517 0.336638 0.472434 0.347373 0.260012 0.147127 0.491535 0.485415 0.693927 0.311121 0.18941 0.471335 0.556812 0.437275 0.405609 0.236441 0.291629 
0.783217 0.419167 0.801334 0.995619 0.0821306 0.498311 0.386076 0.224661 0.395289 0.286234 0.498338 0.274078 0.312729 0.328344 0.145751 0.368018 0.384074 0.329865 0.150466 0.273905 0.30928 0.666635 0.249117 0.305569 0.600699 0.186398 0.370217 0.239153 0.498537 0.155666 0.193293 0.106425 
0.453373 0.406809 0.182921 -0.154641 0.34003 0.364868 0.140816 0.273872 0.323594 0.203009 0.425683 0.390529 0.31825 0.261744 0.318877 0.339466 0.347579 0.390264 0.336773 0.243017 0.368078 0.267994 0.298022 0.271537 0.277091 0.365077 0.412873 0.136067 0.310503 0.296664 0.423863 -0.0338912 
0.271033 0.359833 0.324177 0.337339 0.319558 0.463282 0.258973 0.26504 0.244747 0.230034 0.388477 0.456902 0.270948 0.021781 0.306521 0.255965 0.481421 0.262393 0.340132 0.318574 0.365834 0.493127 0.43349 0.292742 0.317238 0.443715 0.329625 0.221846 0.24736 0.399323 0.339657 0.290497 
