0.40315 -0.065148 0.0888756 -0.0438447 0.592074 0.401593 0.271893 0.142437 1.08888 -0.092045 0.0201753 -0.00952032 -0.140366 -0.192076 -0.0275588 -0.0709528 -0.015004 -0.131428 -0.00179676 0.0212397 0.0176066 0.669351 0.50692 0.357955 
0.0628981 1.02108510584 1.1081449315 0.933811731637 0.765084534883 0.97529547289 1.18835698068 0.96277564019 1.13163557649 1.09939339012 1.0288958028 1.14229017496 0.696551591158 0.933591477573 0.945325635374 1.03103765659 0.794813975692 1.10176801682 1.08949413151 0.909133762121 1.46887117624 1.10169566423 1.52019733191 0.55456 
0.00659155 1.13119035959 0.992350657936 0.977453729138 0.963559314609 1.02005043253 0.57338193059 1.05562188476 1.10367810726 0.830377474427 1.19325158 0.83182695508 1.04327538237 0.974303832278 1.18475282192 0.751020073891 0.961808238178 1.0344713293 0.862157657743 0.980815293267 2.0103276968 1.34413617849 1.99219274521 0.210518 
0.046389 0.904136039317 1.00667910604 0.892037540674 0.98284156993 1.03461360559 1.14531709254 0.978911785409 1.02207573131 1.03313241154 1.40814575553 0.758224532008 0.864664971828 1.0663889125 1.0554243885 1.0599748753 0.627968072891 0.928173661232 0.804895177484 0.995866031852 1.08876299113 1.26760551333 1.09242063016 0.115921 
0.477571 1.01869399473 1.152279526 1.04217552021 1.45284515619 1.00440612528 0.759777247906 1.00296016829 1.13671065867 1.04530617967 0.985164538957 0.830174788833 0.984472323209 1.23401996493 1.03052570112 0.557844728231 1.08631383628 1.4088563025 0.937144570053 0.995175876655 0.83353330195 0.979795115069 1.17042984068 0.184724 
0.4257 0.941705983132 0.962116386741 1.79396647215 1.37448996305 0.994298989419 1.2237945199 1.14322198927 1.3087130487 1.0427537933 1.01426071674 0.944379094988 0.958179049194 1.05177443475 0.988108223304 0.993918739725 0.761587977409 1.20445026457 0.957502689213 0.998975613271 1.60257858038 1.18471880257 0.97333512269 -0.0481979 
0.0868307 1.35185050964 1.0963883996 1.7616456151 1.40110066533 1.294087708 1.25855749846 1.3925383389 1.34392702579 1.19954277575 1.08095891774 1.0773473829 0.974316624925 1.22535032034 1.15974424779 0.810044422746 1.40135231614 1.38104251027 0.825909942389 0.979189440608 1.08642596006 1.00355537469 0.909866519272 -0.104704 
0.403231 1.70265370607 1.07689128816 1.04696001858 1.53215044737 1.25660067797 0.99591176305 1.98719102144 1.05127567798 1.17374177277 0.815175071359 1.08941173553 0.931444510818 1.73174518347 1.10937836766 1.07113762945 1.10740671307 1.52624446154 0.940654627979 0.880435533822 0.99584858492 0.958336804062 1.09842074662 -0.0488921 
0.404109 1.37365838885 1.18478798866 1.19310411811 1.53303319216 1.31935051084 1.18264643848 1.26708570123 1.55555427074 1.05251372233 0.936884999275 1.00512094749 1.04434163123 1.25910040736 1.91932970285 1.49177619815 1.71291208267 1.284640342 1.00055914995 1.09396918863 0.639728039503 1.04340701178 0.911907583475 0.0789367 
0.00565912 0.964093204588 0.981448063627 0.940590120852 1.4318254292 1.46263748407 1.04917619005 1.14484988153 1.50678813457 0.992786336225 1.05355972797 0.950749445707 1.01303773839 1.21881237626 1.1941049695 1.87773174047 1.11539061368 1.07823984325 0.979207646102 0.941410221159 1.02378948405 1.072008349 0.969721937552 -0.0746066 
-0.0853729 1.03976960108 1.16464987397 0.960882075131 0.905005067587 0.846902325749 1.05565314367 1.10175667703 0.993238306604 0.987081664614 0.885727502406 1.0234029498 1.08161021024 1.02596052364 1.41449654102 2.16323065758 1.40858066082 1.18553325534 1.0416062735 1.01473481115 0.962153628469 1.26963275671 0.82359431684 0.033312 
-0.0178955 0.78261423111 0.959027722478 0.93641718477 1.01444286481 0.532577872276 1.23237194121 0.953134726733 1.0525698401 1.1032487601 1.30381438136 1.23242712021 0.997605090495 1.12643197179 1.20870795846 1.29202345014 0.876359693706 1.21818192303 1.01472288184 1.04799472541 0.954788472503 1.05667022243 0.975898103788 0.30349 
-0.137141 0.986539655365 1.15139602125 0.945174429566 0.966444626451 1.04117348045 0.957089215517 0.967685367912 1.00263382052 1.02122090384 0.93970740214 1.1587356925 1.08284756541 1.05909188092 1.02382529713 0.911454185843 1.085735403 1.02297409996 0.960047740489 1.06985187531 0.88548310101 1.03744870052 0.992568887305 -0.334299 
0.0283239 0.97140060924 1.17398114502 0.987427363172 1.18038807809 1.23495465517 1.15170297027 0.975748103112 0.958603233099 1.03443315625 1.07232082635 1.03722400963 1.21346475184 1.08297948539 1.00868944265 1.05355484784 0.989825541154 1.25485038757 0.806470856071 1.04619031772 1.01557199005 1.04286367074 1.01316987537 -0.0753241 
-0.188156 1.18739672005 0.961551174521 1.01883420348 1.03315741196 1.02384348772 1.15293590724 0.899906903505 0.992479632143 1.3763884902 1.26840686798 1.29694265127 1.08010157198 1.03524736688 0.98083217442 1.11749120057 1.11674524099 0.886912867427 1.00276236469 0.956711985171 1.03383887559 1.02757881582 1.01570148207 0.0349363 
-0.0222222 1.07376944274 1.05291845277 0.986814289354 1.35250762105 0.829539179802 0.982202660292 1.10788317025 1.01965203509 1.05720614642 1.43332448602 1.33952641487 1.34949147701 0.920323461294 0.996815741761 1.08440824598 0.798674747348 1.18938134611 1.00459715538 1.10960980505 0.926863051951 0.750833392143 1.04419114068 0.173178 
0.0804202 1.09269738942 1.11348541081 1.11388748884 0.954581428319 0.985257518478 1.01862120628 0.993620624766 0.860758498311 0.782409057021 1.02688580751 1.07416388392 0.913152389228 1.07571749389 1.06459350884 0.950191780925 1.05257872865 1.01356000453 1.2229629606 1.13359826803 1.02126214094 0.886106014252 1.02443917096 0.0616649 
-0.0462968 1.01535855886 1.13866272569 0.996560960542 0.902800053358 1.00221198029 0.823687285185 0.868464231491 0.963409610093 1.02880495973 0.978433474898 1.08477541059 0.815038204193 1.110340029 0.986688900739 0.942678332329 1.06277095526 1.02247373387 0.883000873029 1.04769159108 0.953062456101 0.98028094694 1.06684202701 0.00496918 
-0.0133792 1.11575327069 0.807816445827 1.04283076897 0.874232321978 0.707089304924 0.947463877499 0.962897375226 0.878660410643 0.976905630901 0.977380380034 1.09696946293 1.01820214279 0.925665207207 1.08096283674 0.95556089282 1.11884435266 0.912715405226 0.936858661473 1.05365234986 1.04366555437 1.00586408004 1.08154767007 0.0257764 
-0.096779 1.0030380534 0.986642296426 1.04633762315 0.931839689612 1.02120623738 1.23521532118 1.10879833996 1.02052494138 0.91878709197 0.998714582063 1.01597507298 1.19090938568 1.03831776232 0.94997477904 1.22893668711 1.01519750059 1.50831800699 1.0058968314 1.01486347336 1.1674002409 0.807556852698 0.981094636023 -0.126075 
0.129938 1.00456278399 0.766877576709 0.961319282651 0.98147636652 0.873745724559 1.03911536187 1.01005975157 0.959807541221 0.94799798727 0.978929232806 0.986661914736 1.20676547289 1.12021654844 1.17990076542 0.95861139521 0.760329842567 1.13912051916 0.854068383574 0.895223595202 1.06318546087 1.01766263135 1.04062730074 0.00976731 
-0.0401727 1.09495752305 0.936955288053 1.23730449378 1.09052553028 0.931083850563 1.05067170411 0.892337314785 1.00458158413 1.04295783862 1.00455500139 0.998796386295 0.817287534475 0.965942844748 1.1842777878 0.902283154428 1.02207916789 0.994761804119 1.06478765607 1.02684944309 0.865847751498 0.878881305456 0.817930370569 0.0697877 
0.0696765 0.940616328269 1.10827371478 1.01564653963 0.955529909581 1.06238197535 0.911419652402 1.00622671982 1.05084471032 1.20878894627 1.14910539985 0.962180353701 0.955835968256 1.03328286484 1.01671863534 0.991940418258 1.13215537369 1.01040746924 0.883625157177 0.942798681557 1.14503505826 0.985330547206 1.00689268811 0.0938627 
-0.132622 0.079068 -0.0183192 -0.0594258 -0.198558 -0.0540731 -0.0312108 0.039976 -0.0259083 -0.0630608 -0.0624729 -0.214978 0.0630755 -0.213016 0.0749417 -0.0521276 -0.0315334 -0.0451825 0.0306304 0.00823695 0.0828458 0.0214728 0.0326086 -0.0276834 
