0.0684198 0.0566424 0.143118 0.115829 0.163871 0.0299771 0.137116 0.150413 0.0716944 0.11796 0.0987583 0.0460889 0.329461 0.0967501 0.133058 0.162984 0.147984 0.113759 0.1587 0.185564 0.30802 0.212165 0.144846 0.152861 0.151934 0.0954484 0.139021 0.129746 0.0301123 0.0663307 0.0720573 0.269668 
0.07012 0.143275 0.0340598 0.0824121 0.01334 0.134587 0.0742797 0.186826 0.104986 -0.167348 -0.0358567 0.166344 0.0687951 0.132496 -0.0837298 0.0473276 0.101703 0.120649 0.125148 0.116599 0.0455963 0.0699477 0.214401 0.155515 0.0103541 0.0362544 0.179872 0.029755 0.145522 0.0790944 0.0782656 0.218444 
0.300065 0.197455 0.113722 0.0827051 0.282065 0.157432 0.107032 0.151834 0.142616 0.112392 0.0257512 0.0907591 -0.0622344 0.155647 0.110504 0.192584 0.112821 0.155022 0.076224 0.0481326 0.321086 0.0718345 0.129829 0.137642 0.130966 0.154823 0.111825 0.0781455 0.163292 0.0652256 0.0467275 -0.0339513 
0.042542 0.134439 0.164449 0.0452598 0.175396 0.108542 0.0477994 0.0889177 0.0976899 0.16402 0.198463 0.121189 0.137505 0.0902854 0.145922 0.143762 0.096371 0.136162 -0.0638325 0.284768 0.110857 0.118705 0.103547 0.126396 -0.2216 0.149682 -0.0318779 0.219255 -0.0193063 0.0589973 0.197287 0.132216 
0.213871 -0.0842198 0.0641163 0.109782 0.109399 0.0275813 0.104153 0.17256 -0.0505306 0.146446 0.124378 0.0698406 0.0691329 0.257874 0.184728 0.166631 0.173707 0.0976515 0.0606673 0.121405 0.199004 0.0267777 0.126546 0.185739 0.141356 0.25507 0.266672 0.26407 0.348127 0.0747029 0.00329335 0.0689334 
0.20004 0.175363 0.0882885 0.118011 0.0984637 0.0469743 0.204332 0.13662 0.232681 0.438087 -0.0952839 0.172136 0.00506279 0.122796 0.00733938 -0.0605498 0.128257 -0.0517578 0.105594 0.125339 0.135331 -0.000413509 0.159645 0.0529238 0.135677 0.156075 0.441629 0.0260919 0.471174 0.145488 -0.038184 0.157953 
0.129655 0.300701 0.215074 0.00357664 0.0850532 0.160152 0.263828521967 0.288104450703 0.218911638856 0.251990070939 0.387913054228 0.300190022588 0.259787863493 0.17851678133 0.195374956727 0.165500579774 0.198467305303 0.201464040577 0.266243672371 0.197466312349 0.303221723437 0.216310097277 0.21204854399 0.200055299699 0.0924893374555 0.240728235245 0.0507466 0.113813 0.124015 0.133068 0.00165254 -0.0309588 
0.10569 -0.043843 0.175917 0.138884 0.0663182 0.183717 0.217818668485 0.164121074975 0.35402867794 0.327122977376 0.291394045949 0.4216766119 0.637998020649 0.22937040627 0.30368732512 0.470927929878 0.226884132624 0.110525158606 0.0289924651384 0.104119670019 0.365681833029 0.196984691918 0.176434232295 0.194850093126 0.146423468739 0.122091524675 0.19629 0.373985 0.0938315 0.343984 0.0981298 -0.0696528 
0.108819 0.152823 0.124733 0.135036 0.17846 0.0817309 0.209990216792 0.189644856751 0.266983947158 0.816113865376 0.370434886217 0.278844466805 0.44774145484 0.177656291425 0.201052671671 0.293211778998 0.285582473874 0.0986559640383 0.0868125272915 0.223602859676 0.222413940728 0.152973039448 0.144778048992 0.223677439988 0.146525225043 0.23723385334 0.196757 0.165497 0.298922 0.304484 0.0142185 0.125278 
0.170212 0.428806 0.119213 -0.10623 0.137305 0.0295197 0.192912264168 0.226941159368 0.510336852074 0.584388113022 0.197400151193 0.443740314245 0.201454384625 0.182868948579 0.212126410007 0.0402397833765 0.128419164941 0.205032145977 0.324757805467 0.171332931519 0.308551064134 0.125971330702 0.245942419767 0.125618506595 0.222666679323 0.0880365282297 0.110386 0.124099 0.155059 0.104163 0.0557667 0.140983 
0.0682208 0.0666546 0.210352 0.061923 -0.0721062 0.158586 0.188344417512 0.380972570181 0.478375947475 0.853321349621 0.194401538372 0.309830969572 0.421722269058 0.21329921335 0.159652142227 0.0338941276073 0.255549809337 0.256821846962 0.310716634989 0.154777443409 0.154618157446 0.180372706056 0.563974535465 0.221861092746 0.280405423045 0.210546857119 0.0270367 0.134459 0.105671 0.234329 0.176679 0.0359257 
-0.165527 0.140225 0.215796 0.0131005 0.128333 -0.0255806 0.190344488621 0.60540471077 0.36576423645 0.116678791493 0.246729335189 0.189442625642 0.178140087426 0.243068373203 0.199225088954 0.278914293647 0.294277867675 0.218119910359 0.206531366706 0.204918643832 0.249013772607 0.362224137783 0.487974858284 0.377859956026 0.200038021803 0.196120871603 0.0429493 0.0668758 0.144057 0.162634 0.299517 0.0868441 
0.108591 -0.05975 0.092066 0.0527553 0.084066 0.10539 0.329528307915 0.1950191468 0.168878516555 0.221766738594 0.557063645124 0.703279054165 0.280639356375 0.151325231791 0.154261829704 0.202396450937 0.329828327894 0.253612792492 0.267727291584 0.123662786931 0.235705247521 0.170109307766 0.279524630308 0.132188627869 0.118545117229 0.0822982680053 0.124379 0.129506 0.24058 0.0694515 0.297447 0.101156 
-0.142739 0.0235402 0.100155 0.0866922 0.0304891 0.126185 0.201422555745 0.0986031342996 0.204460068047 0.284826374054 0.204683935642 0.348581051826 0.0999457040431 0.158262646198 0.17998573035 0.183763457835 0.164658679068 0.14898409918 -0.0147667169571 0.407372242212 0.179118452966 0.238441368937 0.21084009707 0.143839611113 -0.0228004992008 0.1760390535 0.183795 0.0691632 -0.0241714 0.0464717 0.0613614 0.111883 
0.148223 0.10668 0.087559 0.144477 0.107259 0.0813747 0.223707570136 0.164090289176 0.315476900339 0.186205177009 0.241466900706 0.307525715232 0.055005414784 0.307694232464 0.117734801397 0.23776782155 0.202533265948 0.205869598687 0.0974283888005 0.123711383343 0.226564726233 0.112999907136 0.211392207444 0.027963398397 0.203766925633 0.217066912353 0.102228 0.102735 -0.146324 0.193734 0.0447932 0.328418 
0.0734234 0.169033 0.072234 0.0370219 0.224993 0.00236182 0.147067467123 0.286826243997 0.125008115917 0.39043290019 0.336404046416 0.140431179106 0.206131471694 0.312776049972 0.162566518784 0.301874643564 0.143590780348 0.246795272827 0.175234875083 0.204586549103 0.186877942085 0.178308813274 0.15815031752 0.233048713207 0.160547970235 0.308153828979 0.259547 0.0782648 0.0787904 -0.00190805 0.063567 0.15729 
0.150226 0.154385 0.298469 0.0401962 0.0578122 0.128267 0.267331531644 0.264214789867 0.316826036572 0.201664923131 0.189568629861 0.303094318509 0.206561109424 0.18301898092 0.187195903063 0.303876540065 0.189951626956 0.179583734274 0.281776314974 0.220855480433 0.07946783714 0.302521696687 0.238363614678 0.227076268196 0.213450162113 0.181603705883 0.110157 0.210068 -0.0772579 0.148244 0.130658 0.128249 
0.20404 0.146528 -0.0465925 0.180182 0.00825728 0.371453 0.260684198141 0.281078240275 0.35729072094 0.666491425037 0.191118827462 0.200912965834 -0.00429417341948 0.224738775194 0.108233267814 0.184890313447 0.291335663199 0.0339744523168 0.0365385398269 0.298521494865 0.189206047356 0.193991361558 0.00802811086178 0.302463328838 0.182121692598 0.197471825778 -0.0965106 0.056715 0.359442 0.045148 0.195367 0.200874 
0.178175 0.191985 0.550416 0.0749224 0.0660491 0.266241 0.140897618979 0.354079699516 0.375806635618 0.765624856949 0.318971550465 0.299878618121 -0.111485549808 0.25302811563 0.276363140345 0.150229415298 0.227525776625 0.193341588974 0.267194798589 0.262649452686 0.223500138521 0.182823470235 0.161997611076 0.152843067795 0.206622979045 0.254434204102 -0.0386737 0.0489747 0.0382956 0.128976 0.0895718 0.257697 
0.0125552 0.15329 0.0843377 0.0752419 0.144768 0.141435 0.485934054852 0.227730846405 0.421463465691 0.29296759367 0.276319211721 0.165349727869 0.339985287189 0.237048155069 0.231523028016 0.274671307206 0.211768469214 0.0521918185055 0.184085673094 0.251863619685 0.0762758221477 0.295305883884 -0.027151042223 0.140079727769 0.275183430314 0.438100671768 0.259241 0.183046 0.212262 -0.0191987 0.0752194 0.20121 
0.145019 0.130908 0.17689 0.106088 0.0941732 0.281385 0.379542565346 0.575341528654 0.358221894503 0.439817672968 0.188883303106 0.159269104153 0.244648268819 0.0364316388965 0.192669583857 0.21977930367 0.0290356263518 0.0109243005514 0.181981740892 0.205337828398 0.192740416527 0.436619466543 0.475932246447 0.1852746889 0.610081589222 0.161138298362 0.265047 0.371811 0.0719355 0.00790688 0.15117 0.0651212 
0.0328085 0.156468 0.296231 -0.132709 0.305549 0.284989 0.622666871548 0.465130037069 0.293097114563 1.18884549141 0.157380471379 0.219112215936 0.0836948662996 0.199835403264 0.300680434704 0.21334246397 0.184994748235 0.222191742063 0.13816049546 0.216573192179 0.331521263719 0.484175240993 0.376167035103 0.547454929352 0.495309716463 0.99492380619 0.25295 0.454888 0.096899 0.326511 -0.0723882 0.0410334 
0.108687 0.138095 0.225388 0.146072 0.17655 0.228264 0.259061476588 0.39759517312 0.141645161808 0.298999628425 0.109395719506 0.142787708342 0.239574408531 0.281757763028 0.300826644897 0.242857283354 0.268920055032 0.209080635011 0.195917493105 0.161417251825 0.284749081731 0.113562907465 0.552924609184 0.33394843936 0.652793562412 0.295858612657 0.119733 0.24498 -0.00702015 0.00657764 0.09626 0.151763 
0.138674 -0.0416903 -0.0246767 0.193122 0.133292 0.00956007 0.510358041525 0.541038072109 0.322175851464 0.287086269259 0.0918394489214 0.0705994147807 0.161178997159 0.142482938617 0.356301760674 0.332022762299 0.0329767972231 0.388644731045 0.299907198548 0.247024407983 0.172391308844 0.216353698075 0.201685509086 0.262785679102 0.649218118191 0.423979645967 0.234865 0.0841734 0.163582 -0.0177894 0.214462 0.107749 
0.123072 0.339666 0.11609 0.164329 -0.0804313 -0.167892 0.515965437889 0.322302392125 0.489223664999 0.378427302837 0.233297920227 0.0708973187953 0.220403543115 0.334185025096 0.262739723921 0.349491035938 0.0712902512401 0.227764075994 0.357032930851 0.165964840353 0.140371991694 0.227282261848 0.460339224339 1.01654890776 0.455367004871 0.76667252779 0.279887 0.238228 0.0707025 -0.0589183 -0.0550146 0.000322698 
0.0867716 -0.00179288 -0.0820911 0.345232 0.275977 0.13659 0.350481396914 0.251160627604 0.213196328282 0.276203399897 0.21414179951 0.0318363592029 0.275548821688 0.166418468952 0.206334559619 0.107907422259 0.199041938782 0.22109810859 0.227868935466 0.268583720922 0.145784894377 0.148904981464 0.275387755036 0.368788933754 0.265146932006 0.28446777761 -0.0637995 0.152137 0.176248 -0.0445789 0.118146 0.054554 
0.0977383 0.0701434 0.105195 0.402564 0.224943 0.113639 0.161656 0.134011 0.0976581 0.142054 0.059895 0.0541744 0.131279 0.0981968 -0.109404 -0.0264506 0.124007 0.134118 0.140204 0.181155 0.128012 0.0973485 0.235378 0.161033 0.158801 0.176273 0.155526 0.0583596 0.356918 0.231487 0.0625499 0.110558 
0.0934387 0.0167304 0.311225 0.105219 0.275426 0.27874 0.1733 0.00441589 0.0844101 0.0283873 0.0478655 0.164689 -0.0955615 0.0603639 0.044169 0.00644892 0.142501 0.098454 0.0768901 -0.120709 0.110035 0.118749 0.106599 0.233522 -0.09733 0.264845 -0.0328014 0.1964 0.230242 0.0807407 0.165674 0.121617 
0.179541 0.0564821 0.100211 0.265609 0.272747 0.0746021 0.24111 0.307196 0.0875188 0.0862475 0.150619 0.112156 0.15658 0.201619 0.110326 0.174194 0.132117 0.115586 0.161834 0.140103 0.145692 0.0113819 0.130634 0.237712 0.316455 0.0879371 0.102946 0.0553249 0.208084 0.113496 0.0289367 0.0727488 
0.0675068 0.00678162 0.137038 0.187252 0.252498 0.0918485 0.147387 0.0209746 0.0445875 0.0809038 0.180575 0.168315 0.137164 0.127718 0.135566 0.0822692 0.377633 0.132411 0.318574 0.221482 0.127321 0.0569463 0.0944869 0.241739 0.093726 0.0487347 0.108444 0.212957 0.100204 0.150848 0.0838476 -0.034789 
0.0911106 0.0615557 0.0279376 0.0527091 0.184121 0.125457 0.0912982 0.108178 0.137127 0.0998981 0.171479 -0.0170788 0.088286 0.0591926 0.093036 0.159758 0.0928639 0.0335166 0.0273795 0.115261 0.296228 0.154624 0.0323824 0.111795 0.22353 0.0807524 -0.111827 0.163346 0.120317 0.157398 0.0839943 0.115488 
0.138477 0.169682 -0.0288924 0.170743 -0.00564409 0.149464 0.0549163 0.167377 0.155438 0.054271 0.0200496 0.11571 -0.0156875 0.107403 0.132721 0.116471 0.0950121 0.111853 0.120153 -0.0583443 0.0716918 0.027447 0.180924 0.0551173 0.176927 0.128764 0.0198586 0.0424704 0.0782297 0.105124 0.122412 0.187249 
