0.079821 -0.219836 0.169506 -0.0966303 -0.0792198 0.0835005 -0.0802161 -0.0120411 0.0966238 0.0270959 -0.00574716 0.0537996 0.0819386 0.00502903 0.141979 -0.298011 -0.0287799 -0.097524 -0.0188879 0.250953 0.00887284 0.257701 -0.0270905 -0.126347 0.213379 0.00118645 -0.126941 -0.0430012 0.0867183 0.0746616 -0.00945482 0.154852 
0.0506082 -0.019229 0.208143 -0.103014 -0.0238325 0.00900074 0.158365 0.0603703 -0.00841845 0.0458054 0.0940686 0.042545 -0.0620678 -0.0153655 -0.341515 0.0998286 0.0298735 -0.00845871 0.094741 -0.00656044 -0.14591 -0.0344836 0.0472829 0.0630272 0.0163447 0.04096 -0.0420229 -0.00308498 0.0790653 0.00145333 -0.150355 -0.509689 
-0.0665233 -0.0858378 -0.0101068 -0.0426944 -0.00250898 0.0587423 -0.234474 -0.233704 0.108942 0.0424982 0.0700022 0.00949186 -0.220518 -0.126015 0.0993952 -0.0733239 -0.109964 -0.0418988 0.178865 0.0192548 0.0097853 -0.0554124 -0.02753 -0.0280041 0.0189301 -0.135669 -0.0726732 0.0282518 -0.120343 -0.109254 -0.00458502 -0.194207 
-0.0634451 0.184632 -0.0855132 0.0370851 -0.0476089 0.0341889 0.0861139 -0.364782 -0.107683 0.0685871 0.457832 1.10223 0.00656915 0.00828288 -0.238858 -0.0183965 0.442787 0.0657238 0.0321707 0.155024 -0.0293448 -0.0649425 -0.00906151 -0.0595783 -0.0392238 0.134272 -0.134299 -0.117446 -0.0144339 -0.0455593 -0.232562 -0.0865922 
-0.0445156 -0.085293 0.0503949 0.0376192 -0.107429 -0.00904892 -0.0569024 -0.110151 0.0557235 -0.0280855 0.0657699 -0.0252438 -0.0404298 0.0579867 0.253592 0.0177224 -0.0317362 -0.00539715 0.061345 -0.114662 -0.109835 0.0303065 -0.187574 0.04227 -0.0281675 -0.023522 0.0535255 0.00797121 0.187899 0.0848979 -0.0145215 0.0201719 
-0.0285929 0.0568986 0.301015 0.0370963 0.248953 -0.488541 0.0101546 -0.0393455 0.176294 0.0151059 0.101884 0.110708 0.0433321 0.0660056 -0.0608927 0.0369244 -0.0482272 -0.00194109 -0.0384706 -0.210523 0.0203776 0.0148612 0.381794 -0.0223417 0.0918862 0.0380808 0.0256151 0.145185 0.249189 -0.153587 0.0519988 0.000300032 
-0.00729826 -0.0148207 0.154425 -0.0250553 -0.022608 -0.221681 0.0688858 0.112154 0.0607732 -0.22212 0.0142622 0.0889281 0.056265 0.0021492 0.187066 0.0368096 0.0990981 0.00186408 -0.0970324 -0.0422477 -0.329388 0.229641 0.0220692 0.0182978 -0.156782 -0.0579696 -0.0127495 0.0295368 -0.27441 0.00674108 -0.117867 0.0480994 
-0.102447 -0.0925406 0.0266004 -0.187204 -0.162404 0.162796 0.0215202 0.00897347 0.0153497 0.00706611 -0.0317133 0.010269 -0.145911 0.0338615 -0.113144 0.0325398 -0.146839 -0.34626 -0.0817552 0.271296 0.128068 -0.0543434 -0.279157 -0.17798 -0.126372 0.28316 0.049786 0.0487555 0.101455 -0.107477 0.0352723 0.00942275 
0.0789372 -0.0105091 0.10505 0.0348724 0.0196169 -0.115434 -0.0599554 0.17781 -0.152193 -0.00263849 0.046316 0.146284 -0.11187 0.0499725 0.125438 -0.0219579 0.063515 -0.381647 0.276098 -0.224544 -0.0095777 -0.121905 -0.0088506 -0.00276738 0.224797 0.167249 -0.0611377 -0.0024889 -0.0605125 -0.00917532 0.0550975 -0.0933626 
0.0309015 -0.178511 0.0991704 -0.00360779 -0.233673 0.0250686 0.0978061 -0.0356872 -0.371469 0.233272 -0.041935 0.0229374 -0.0589489 0.0131164 -0.169509 0.0491526 0.0685104 -0.284003 -0.260069 -0.0125089 0.125907 -0.0557373 -0.206305 -0.135466 0.221452 0.142199 0.0912046 0.301365 0.0475156 -0.0445234 0.0267996 0.0430876 
0.15957 0.0071077 -0.0346498 -0.0187738 -0.0322632 0.00823029 0.0177772 0.101194 0.055702 -0.0944473 0.0232507 0.052425 0.0219398 0.00963748 -0.126346 -0.0841279 -0.076698 -0.190187 -0.338872 -0.114344 -0.0725449 -0.00122408 0.158691 -0.0235744 -0.185677 -0.208957 0.0900782 0.0284178 0.319502 -0.0268954 0.0242369 0.0784095 
-0.0214658 -0.085503 -0.0166335 -0.00183562 -0.00370484 0.27242 0.297351 -0.00365988 0.0157982 0.124592 0.0717567 -0.211425 0.168724 0.0494817 0.455989 0.0815057 -0.00139643 0.0330211 0.0318978 -0.128622 0.0487662 0.0134648 -0.112469 -0.368105 0.0135779 0.0850229 -0.0801226 0.0492647 -0.00877361 0.115093 -0.0923673 0.137289 
-0.177861 0.0142154 -0.0626374 -0.052856 -0.10911 -0.0151885 -0.0610343 -0.00317459 -0.00376017 0.0774586 0.153894 -0.0441864 0.0860411 0.00323343 0.039006 -0.00712462 -0.198403 -0.0327757 0.0197934 0.221169 0.0255907 -0.0753808 0.0822474 0.112838 -0.00839739 -0.0194317 -0.133188 -0.0566834 0.279054 -0.0241667 -0.175385 0.0669356 
0.00689765 0.310725 0.0471542 0.0299814 0.0503474 0.149935 0.00496726 0.0758639 -0.00936273 0.0591856 0.00478862 -0.00774841 0.0784425 -0.0391106 -0.244154 -0.0660487 -0.145754 -0.217845 0.0696148 0.0133877 0.132576 -0.0146091 0.0146317 -0.0159807 -0.0284022 0.144502 -0.0770074 -0.191526 0.0511469 -0.13091 0.0230514 0.250538 
-0.0105875 -0.30492 0.203885 0.122552 0.0166828 -0.0798254 0.00904258 0.048854 0.0942274 0.00213225 -0.106008 0.046465 -0.12839 0.0176706 -0.143602 -0.202059 -0.00271358 0.121027 0.0292702 0.00270791 0.233533 -0.017465 0.0992372 0.0995363 -0.0242799 -0.0971231 -0.436507 -0.129703 -0.0674142 0.00168527 0.0350669 -0.0665066 
0.0165097 0.0865078 0.0241749 -0.0492192 -0.253286 -0.133939 -0.00475938 0.0798344 0.0828172 -0.0389121 0.00728207 0.00647947 0.0424976 0.111157 -0.0508621 -0.0578783 -0.128037 -0.110944 0.0109916 -0.265982 -0.00252583 0.012919 -0.209643 -0.265563 0.0993707 0.00363809 -0.0838965 0.141419 0.0577604 -0.2733 -0.011444 0.0188993 
0.0159215 -0.0772103 -0.012188 -0.426686 -0.144513 -0.0354244 0.213875 0.00195643 0.019516 0.0943891 0.0150755 -0.0356587 -0.055379 -0.0753901 0.108474 0.0133671 -0.00168424 -0.109719 0.0908854 0.237138 0.0513029 0.0661064 -0.00711137 -0.0912723 -0.0368166 0.110625 -0.0994302 -0.0345435 0.0432608 0.0492817 -0.0180527 0.0329724 
0.115463 0.00926711 -0.209581 -0.141964 -0.0791884 0.0326352 -0.022175 -0.0893044 -0.0508188 0.126803 0.0401185 -0.0280471 0.0228337 -0.0145868 -0.0723813 -0.10335 -0.00824149 -0.084915 0.387224 0.0848502 -0.0423364 -0.166544 0.00134241 -0.0251338 -0.104561 0.363054 0.136526 -0.195367 -0.0149954 -0.0313039 0.248376 -0.0339955 
0.0786061 0.0872605 0.0189971 -0.102253 0.00485277 0.0704115 0.00683799 0.154913 -0.0565454 -0.0188274 0.336939 0.0266128 0.0030408 -0.0529801 0.0556393 -0.0276185 0.0143568 0.402693 0.10257 -0.0498282 -0.329571 -0.0507001 0.166075 -0.023244 -0.0838944 0.002185 0.0419106 0.0299338 -0.0213774 0.00106414 0.154151 -0.00108591 
-0.178878 -0.00083157 -0.0469292 -0.0314375 -0.0258712 0.178707 0.0510897 0.0142014 0.323276 0.00477755 -0.0599138 0.0295067 -0.153497 -0.0222217 0.0447721 0.29252 0.0189407 0.0161121 -0.116144 0.0348346 0.0553764 0.0671774 0.450235 0.00226169 0.0296251 0.0129033 -0.0168923 0.185804 0.113643 -0.030067 -0.0301825 0.00431665 
0.0616964 0.0918654 -0.102758 -0.066082 0.0787855 0.225002 0.177186 0.0167366 -0.0235939 0.00255849 -0.0235528 0.0377978 0.0834699 0.0218353 0.0831158 -0.0527936 0.0647711 -0.0122668 -0.221303 -0.0263068 0.00595457 -0.000579751 -0.00605684 0.01435 0.0126842 -0.107403 0.16946 -0.0371849 -0.0462417 0.272819 -0.0845745 -0.0234812 
0.212009 0.192394 0.0222038 0.0450577 0.322209 0.0429571 0.0713834 0.145397 0.068379 -0.0810329 -0.00188333 -0.0705441 -0.0121064 -0.0051034 -0.10949 0.156645 -0.0747429 0.0102811 -0.0764031 0.296117 0.0337382 0.00469833 -0.282986 0.0265962 -0.0192672 0.0806329 -0.100911 0.125771 -0.0208264 -0.174892 0.108136 -0.0420981 
-0.0614491 0.147812 -0.0202366 -0.273594 -0.48168 0.129368 0.264428 0.182987 -0.105438 -0.193836 0.0630926 0.128869 -0.0286692 -0.0857245 -0.100634 -0.0227957 -0.00100609 0.00957755 0.143693 -0.203821 0.15977 -0.0344832 0.0162197 0.0814252 0.0136291 0.0597788 -0.0751965 0.106128 0.0843873 -0.0216649 -0.326297 0.264708 
-0.230168 -0.0348247 -0.0627533 0.140581 0.0276851 0.0353517 -0.0892879 0.00120312 -0.0281877 0.0914458 0.0891567 -0.0136743 0.0181889 0.206958 0.07269 0.0649979 0.00665139 0.0308246 0.0684048 -0.0165219 -0.0315486 0.0760454 -0.313693 -0.118581 -0.127032 -0.244057 0.0882199 0.249332 -0.0873986 -0.00557605 -0.0729467 -0.0546009 
0.0517377 -0.00878398 0.00303201 -0.0650526 -0.042745 0.0192401 -0.00357306 -0.103116 0.0247688 -0.19499 0.0184494 -0.0538771 -0.095828 0.0658995 -0.234794 0.191413 -0.219253 0.00852044 -0.0917979 0.0615897 -0.100488 0.122159 0.0244114 -0.045479 0.491363 0.0329081 -0.194191 0.18575 0.0444407 0.00806991 -0.0101023 0.278765 
0.0449348 0.00614229 0.0162944 -0.196294 -0.028095 -0.119362 -0.107536 0.0263078 0.00170804 0.00762138 -0.151926 0.0537241 -0.190646 0.0784892 -0.0470842 0.0675631 -0.0061242 -0.034597 -0.148568 0.0510283 0.0412137 0.138642 0.0106205 0.018652 0.0372241 -0.00849097 -0.00280928 0.0176265 0.214142 0.10645 -0.209976 0.0812104 
-0.00353903 0.348399 0.189029 -0.0103251 -0.0214289 0.278812 -0.0731172 0.0482124 0.0233142 -0.0916306 0.230155 0.193081 0.0523306 -0.0252689 -0.531276 0.304486 -0.0229593 -0.0931239 0.225909 -0.148701 -0.218807 0.0844838 -0.51138 0.531491 -0.148668 0.392601 0.119719 -0.0104318 -0.00128381 -0.000596373 -0.0443145 -0.0740488 
-0.000192145 -0.0318849 -0.087297 -0.00282761 -0.214527 0.0737922 -0.0437632 -0.235185 -0.104376 -0.0486978 0.129496 -0.00143092 -0.0621839 0.0289383 0.0942192 -0.219627 -0.118892 0.0469488 0.0204427 0.154755 0.152682 0.00649045 -0.000797931 -0.0680992 0.0449173 -0.0719764 -0.0367507 0.0277751 0.061463 -0.217803 -0.0356175 -0.0885657 
-0.15308 0.0753346 -0.00802185 -0.087855 0.155746 0.150059 -0.0756701 0.0713513 0.02874 -0.0407163 0.00974009 0.0992311 0.239451 -0.0512743 0.00094193 -0.143047 -0.143105 0.130858 0.152166 0.075806 -0.000533339 0.0361219 -0.281776 -0.0423539 0.0157908 0.32608 -0.0775101 0.20378 0.0840136 0.0397318 -0.060498 0.08787 
-0.0363049 -0.00626966 -0.00817028 0.0942291 0.00121011 -0.0789888 -0.017436 0.309661 0.0310356 -0.0900372 -0.00540966 0.0933641 0.35725 0.0950861 0.0297377 0.023531 0.103474 0.0779703 -0.15147 0.161716 0.0190308 -0.0246134 -0.00754166 -0.234155 0.120807 -0.00846523 -0.0204878 -0.0102055 -0.183216 -8.33552e-05 -0.143687 -0.105501 
0.318729 -0.0376062 -0.139323 -0.0379522 0.0404461 0.0653362 0.0208473 -0.00505421 0.00572107 0.274989 -0.0195193 -0.00715594 -0.143197 0.159666 -0.004806 -0.0605692 0.0190526 -0.0962104 -0.171766 0.131961 -0.142527 -0.446494 0.0461867 0.12437 -0.152394 0.302595 0.0451718 -0.00292133 0.0622452 -0.00516401 -0.0161404 0.00936256 
-0.0917337 -0.0314537 -0.0960895 0.446895 -0.14585 0.112433 0.181023 -0.10335 -0.0317978 -0.100432 0.0193345 -0.0137677 0.178408 -0.0483514 -0.136452 0.0957575 0.0756002 0.0872014 -0.012536 0.0313812 0.00260114 0.0237984 0.0208883 0.272569 0.211875 -0.107435 0.102716 -0.0994882 0.030419 0.0131478 0.0316912 -0.0773221 
