-0.000925652 -0.0688953 0.0507514 -0.0191354 0.191318 -0.0197688 -0.0609213 -0.050961 -0.18119 0.428574 0.277461 0.225254 0.731248 0.142589 -0.153685 -0.0210327 -0.0452204 -0.257236 -0.00281206 0.0315242 0.152336 -0.021557 -0.0135571 0.0343706 -0.0422279 -0.0295128 -0.0523251 -0.0333577 0.0613085 -0.261602 -0.0780283 0.0525558 
-0.000606136 0.0321932 -0.0704957 0.0904874 0.0211647 -0.00147925 0.112877 0.0130106 0.103494 0.267421 0.586806 0.394053 0.897498 0.246237 0.00525385 0.0345426 -0.119943 0.0294647 0.00892118 0.0934762 0.116722 -0.0670186 -0.0669999 0.0528443 -0.021048 0.0263118 -0.15268 0.101069 -0.0584698 0.00456489 0.0888804 0.0299812 
0.0622238 0.0992861 -0.0450925 -0.147993 -0.0539182 -0.0653867 -0.000969758 0.0879479 -0.23149 0.166998 0.688255 0.51419 0.0563859 0.380906 0.111569 -0.00623805 -0.105487 0.133796 -0.187402 0.145667 -0.23333 0.0445703 0.117755 -0.0117017 0.0751862 -0.159463 -0.0151863 -0.100371 0.128463 0.10395 -0.0822168 0.0747261 
0.0660891 0.0765435 0.121177 -0.244991 0.0339268 -0.0765949 -0.05419 -0.202088 0.00784957 0.0213525 -0.0590333 -0.0537137 -0.105746 -0.196309 0.0783672 -0.219487 -0.00630499 0.0849427 0.0651158 0.129401 -0.192537 -0.0645974 -0.0456737 0.130468 0.0739399 -0.028096 0.111137 -0.0150394 0.0277511 0.073824 0.0626505 0.0294498 
0.196753 -0.0230774 0.0582868 -0.0585356 0.0742528 0.0870209 0.124263 0.0066505 -0.116548 0.0946084 0.0750672 -0.073461 0.0105907 -0.22353 -0.0979715 0.254511 0.0982101 0.0686663 -0.104055 -0.0105423 0.138712 -0.0408446 -0.329771 -0.0531556 0.0743491 0.112066 0.0400324 0.0145727 0.197228 0.138636 0.0780915 -0.0801293 
0.0481385 0.124064 0.182084 -0.00149233 0.0118832 0.0160891 -0.286833 -0.00936838 -0.0084316 0.306813 0.0827425 0.019975 0.0399202 0.160527 0.0680884 -0.0252525 -0.167642 -0.1543 -0.194555 0.0783996 0.0921663 -0.222619 0.194618 -0.121685 -0.144401 -0.0556896 -0.0696303 -0.0305898 0.0070529 0.0366971 -0.162806 0.0137083 
0.0858502 0.249523 0.0485677 0.0542683 0.0192777 -0.196189 -0.080945 0.0231761 -0.166671 0.145386 0.0484597 0.111671 -0.10414 0.0436001 -0.0474422 0.0562087 0.0773964 -0.193622 0.0201586 -0.0659316 -0.00427079 0.103975 0.0346031 -0.0181467 0.238033 0.0649996 0.103424 0.00182339 -0.0739775 -0.024157 -0.0290201 -0.129894 
0.189967 0.0542125 0.0489167 -0.0211103 0.00324862 0.0669846 0.0397081 0.125121 0.0323393 -0.105147 -0.00468941 0.185905 -0.0531712 0.0437466 0.178673 0.139454 0.156633 0.115264 -0.0691766 -0.0786813 -0.00340466 0.173668 0.28756 -0.0377443 -0.0343341 -0.0045329 -0.0106973 -0.0659747 -0.220477 0.0132304 -0.00466147 0.0515554 
0.0561306 -0.0150128 0.0641199 0.0513878 0.080592 -0.0378043 0.171573 0.0105558 -0.00103341 -0.176119 -0.210315 0.10077 0.0294765 0.142236 0.00439267 0.0323552 0.0429055 -0.142157 -0.108717 -0.132471 -0.0849717 0.129074 0.330555 -0.110666 0.125235 -0.00996747 0.0620188 -0.032669 0.176685 0.050673 0.0222894 0.147055 
-0.148625 0.549399 0.00356887 0.111157 -0.0565924 -0.0483808 -0.813057 0.00389301 -0.124009 -0.175155 0.0599409 -0.181829 0.0427235 0.123927 -0.0603342 0.0108749 0.213634 -0.0426222 0.167044 0.0206775 0.0591885 0.0847505 0.0632081 -0.0969863 0.129278 0.162282 -0.177591 -0.065758 0.121614 0.384653 -0.454924 -0.111984 
-0.24629 0.279979 0.103942 0.0373417 0.0511711 -0.0128304 0.179393 0.20347 0.0104772 0.122162 -0.0817285 0.0103739 0.0334731 0.234054 -0.0174588 0.14457 -0.0272888 0.170657 0.080728 0.0199458 0.0874415 0.0993349 0.0334076 -0.0651819 -0.034567 0.094717 0.0337329 -0.00520353 0.0186429 0.172313 -0.0994971 0.12228 
-0.0485147 0.18056 0.37967 -0.207005 -0.0677227 0.0154534 0.146625 -0.059922 -0.199926 0.211471 -0.0167974 0.0635653 0.254305 0.32959 -0.02612 -0.076643 -0.00137563 0.0969443 -0.00824536 0.00284753 0.0146198 -0.0265174 -0.167497 -0.160831 -0.00707083 0.0193282 -0.00974025 0.38595 0.108041 0.00211268 0.0986759 0.134256 
-0.0737453 0.100528 0.0115888 0.0304465 0.175089 -0.0372985 0.070119 -0.0092039 0.046555 -0.185139 -0.120485 -0.12806 -0.0636749 -0.137289 0.279103 0.0536063 -0.0250207 0.0524404 -0.0695853 0.252511 -0.210276 -0.00333365 0.00232196 -0.109328 0.0680877 0.016033 -0.0154088 0.0273341 -0.117601 -0.0552331 -0.0495108 0.0392332 
0.00537103 -0.0890932 0.0285061 0.153494 -0.219957 0.0513505 -0.0660671 0.0871607 0.169312 -0.00585092 0.0265716 0.162971 0.101013 0.0388483 0.422103 0.0946078 0.0492935 -0.100419 -0.0161467 0.217443 -0.156289 0.0696142 0.062234 0.120326 0.0874238 0.0910789 -0.133134 0.0672616 -0.0622973 -0.0432502 0.216674 -0.0419502 
0.0666501 0.00907776 0.102886 -0.0908432 -0.0470011 -0.00587748 0.0563599 -0.0999686 0.0337044 -0.0474133 -0.108191 0.116981 -0.298767 -0.194428 -0.0154345 0.0111128 -0.0979465 -0.0220967 0.0848171 0.117929 0.154386 0.0237302 0.0295111 -0.0951712 -0.009018 0.0348637 -0.0235679 0.343489 0.0131913 -0.030153 0.0441553 0.0417547 
-0.183215 0.0191659 0.493542 -0.185862 0.00957821 0.230597 0.168074 0.248575 -0.0665054 -0.0656611 0.0219672 -0.019194 0.0762952 0.0165476 0.00473351 -0.0568805 -0.0577421 0.145418 0.048922 -0.120805 0.212131 -0.0960958 0.127048 -0.200531 -0.0438479 0.0996528 0.0889216 -0.0720317 0.0275122 0.0495789 0.0378699 0.0482913 
-0.0808245 -0.238148 0.131754 0.156817 0.122396 -0.0457494 0.00911843 0.0507313 -0.113597 0.0166316 -0.143808 -0.0649772 -0.019191 0.0359114 -0.0173191 0.0201885 -0.00266403 -0.0395083 0.12151 -0.0244678 0.0342265 -0.0143547 -0.130278 -0.0466653 0.479931 0.411521 0.126195 0.165151 0.223253 -0.0339898 0.0691649 -0.0433331 
0.000954556 0.073664 0.295624 0.132302 0.0278304 -0.0391133 -0.0108603 0.010312 -0.0854831 -0.0669321 -0.0156488 -0.0373445 0.0385114 -0.0806132 0.633561 0.13292 -0.0157953 0.0714794 -0.0477365 0.0363629 -0.0113281 -0.0154779 0.106866 -0.0146219 0.334774 0.0704122 0.281356 -0.291035 0.443752 0.0445464 0.0255218 -0.112728 
0.117057 0.000451662 -0.162693 0.0581273 -0.0595211 -0.0865164 0.0585356 0.105761 -0.0274765 -0.101149 0.0227492 -0.00118817 0.1668 -0.00515113 0.0701164 -0.00944019 0.0310484 -0.207165 -0.00396565 0.0681835 -0.0632545 -0.0615479 0.130127 -0.0141234 0.187051 0.629126 0.60878 0.372904 0.237539 -0.060064 0.203343 0.208043 
0.104088 -0.00209355 0.00445477 -0.249499 0.0859101 0.19445 0.117499 -0.129223 -0.0198395 0.118812 0.0485184 -0.0376352 -0.0194844 0.00164471 0.256742 0.0155621 -0.0574356 0.027663 -0.274477 -0.0313781 0.0199798 -0.103762 0.0577622 0.00354994 0.381095 0.340279 0.807824 0.526838 0.427295 0.0516989 -0.0276119 -0.0759318 
0.106271 0.0946457 -0.350619 -0.046613 0.0605541 0.342447 0.281305 -0.0991126 -0.152004 0.0482728 0.123471 0.0500417 -0.0649461 0.0535573 -0.068871 0.0207053 -0.0159996 0.0277462 0.120177 0.090394 -0.0352463 -0.026499 -0.154911 0.157696 0.00515254 0.916034 0.653563 0.570279 0.591483 0.0212813 0.163244 0.121836 
0.00847597 -0.246387 0.0830286 0.0331811 -0.0484728 -0.0682287 0.182008 0.0330516 0.350175 0.228859 -0.0228291 -0.0687855 0.0261996 -0.00642448 0.351954 -0.241758 0.0512952 0.113005 -0.104014 -0.0262462 0.0328009 -0.124944 -0.1021 0.0735883 0.125215 -0.0414131 -0.136174 -0.234901 0.0340867 0.0721906 0.102086 0.079995 
-0.000490007 -0.149063 -0.0893222 0.0212775 0.492258 0.99437 0.310256 0.591043 0.229762 0.201254 -0.120805 0.0261384 0.104896 -0.0498034 0.131744 0.00544149 -0.0444304 0.176267 -0.0310701 -0.00925383 0.127966 0.144953 -0.127375 -0.00789819 0.0662167 0.236554 0.0767808 -0.000854094 0.0162608 -0.0298642 0.0862761 -0.26074 
-0.139261 -0.0137826 0.0970102 0.197877 0.0221441 0.162923 0.615776 0.197581 0.122188 0.309688 0.0318967 -0.213122 -0.0505379 0.0523171 -0.135649 0.0133188 0.272398 -0.0277033 0.0418882 0.133487 0.0678579 0.0242191 0.0336456 0.0471242 -0.233739 -0.174625 0.0049114 0.014601 -0.0420372 0.0255134 0.108225 0.148684 
0.190106 0.0249596 0.233667 0.0856662 0.175629 0.406988 0.260657 0.0760733 0.205213 0.183108 0.264102 0.24955 0.12911 0.0395134 0.0311919 0.445754 0.0826692 -0.0781069 0.0215517 -0.0143683 -0.0121766 0.0489109 -0.0939137 0.191344 0.0927556 -0.120894 -0.127904 0.158314 0.243611 -0.00835416 0.0309418 -0.0397568 
-0.0606253 0.0265896 0.0227568 0.178112 0.224054 0.742591 0.240495 0.222799 0.0756518 -0.145873 -0.152506 0.0714528 -0.0165895 -0.00108337 0.0898636 0.0277013 0.0709204 0.0412308 -0.085748 0.000852175 -0.0065645 0.228738 0.0308038 0.106896 0.0865979 0.098835 -0.0762536 -0.10798 -0.0702145 0.255377 -0.161479 -0.0446476 
0.249019 0.0221361 -0.0504326 0.215618 0.163153 0.127897 0.737257 0.763668 -0.11507 -0.107909 0.0388132 -0.0175507 0.0615976 0.157725 -0.0533571 -0.0368964 -0.117871 -0.118123 0.0302674 0.0229444 0.232568 -0.206569 -0.00501361 0.243424 0.0942992 0.0500135 -0.11152 0.114673 0.0122809 0.0232069 0.00641362 -0.0109032 
-0.0352685 0.151363 -0.303019 0.069143 0.0789142 0.0174712 0.0570829 0.0928434 0.0296934 -0.0245189 0.349 0.0326958 0.0710373 0.0644526 -0.0249273 -0.0408393 0.0186259 0.143329 0.284415 0.00527759 -0.0818149 0.364103 -0.0487301 0.0194404 -0.0699612 -0.0117429 -0.134184 -0.0438069 0.0829317 -0.373667 -0.17609 -0.0499062 
0.16553 0.0333359 0.0710256 0.0675914 -0.0641928 0.00666725 0.00055992 0.0575569 -0.00733794 0.00449881 0.00225175 -0.0967888 -0.0229233 0.0306095 -0.0660146 0.202574 0.544162 0.604016 0.63308 0.280705 0.0328517 -0.0109694 -0.0329801 -0.0161535 -0.0379537 0.0377485 0.00345501 0.0459772 0.157531 0.0337982 0.11925 0.00903496 
-0.0299671 -0.022646 -0.0270066 -0.0472553 0.0069136 0.0449674 0.0978829 0.038729 -0.055064 0.138235 -0.0362557 0.0302707 0.143165 0.372375 0.153877 0.258249 -0.0368077 0.146429 0.0779143 0.430925 0.0661061 0.14811 -0.123343 0.0362779 0.0027983 0.0320052 0.0436694 -0.0424054 -0.0323177 -0.0990964 -0.276997 0.0106004 
0.0215465 -0.0034731 0.0579425 0.0407525 0.0286961 -0.154915 0.0456848 0.067729 -0.173228 -0.0597646 0.0051336 0.0808797 0.00578291 0.241186 0.104047 0.324514 0.354783 0.274216 0.219403 0.677368 -0.227323 0.0376446 -0.0591204 0.093966 0.0641104 -0.130408 0.0407326 -0.0358094 -0.0041076 -0.311143 -0.050241 -0.0474873 
-0.043459 -0.0120998 -0.0835656 0.0147959 0.0646123 -0.0784227 -0.163021 0.166596 0.536218 0.151294 -0.157156 -0.0180951 -0.0868243 0.207117 0.0408449 0.338486 0.391308 0.650792 0.54608 0.34809 0.0237251 -0.198035 0.0224081 0.0133919 0.022765 -0.236752 0.192197 0.0187821 -0.0641921 -0.0724502 0.0728441 0.0546367 
