-0.342193 0.0204734 0.0902291 -0.0407713 0.0418831 -0.0423442 -0.305426 0.0233209 1.0198 0.764865 0.0385264 0.549406 0.01582 0.0808872 -0.148657 0.0538809 0.0154187 -0.0424141 -0.108961 0.133029 0.0454436 -0.0141261 0.0866621 1.07561 
-0.174152 -0.217375 0.0528604 -0.0121877 -0.120137 -0.00958674 0.291081 0.65894 0.51817 0.786756 0.0126132 0.152371 -0.0512553 0.749934 0.896922 0.320526 0.124171 -0.19675 -0.0383452 -0.00697798 0.269979 0.0220597 -0.120057 0.0840737 
0.135335 0.011195 -0.0909914 0.182523 -0.00919595 -0.0491474 -0.0178893 0.955723 0.585577 0.142161 0.91812 0.77991 0.0125149 0.472164 0.0832536 0.71878 0.454205 0.177153 -0.0992995 0.32948 -0.0101718 -0.0213433 0.0518926 0.00591563 
-0.112773 -0.0308802 -0.0799975 -0.0868709 -0.0685556 -0.146542 -0.213989 -0.0355557 0.190765 0.169377 -0.0632071 0.0374257 -0.115045 0.822409 -0.248164 0.423443 0.48099 0.486482 0.0402873 -0.0728568 0.0709138 -0.0490964 0.0579944 -0.0145311 
0.0520926 0.115231 -0.0608547 0.114182 0.121121 -0.030881 0.0464304 -0.105616 -0.0248385 0.00733527 -0.041959 -0.0266653 -0.0205555 0.355058 0.335908 0.0902522 0.4941 0.514996 0.135682 -0.0182558 -0.0927435 -0.189653 -0.0327385 -0.133409 
-0.0418151 0.382495 -0.00748833 0.0137712 -0.109717 0.271074 0.0609449 0.262821 -0.0823254 0.32692 -0.0944809 0.000262738 -0.0564122 0.0352295 0.568324 0.172195 0.27267 0.259336 0.0965229 0.0803605 0.0378613 -0.394762 0.0443685 -0.0213716 
-0.140117 0.239092 -0.0659161 0.0699309 0.34767 0.0359382 0.358009 -0.0215756 0.00784636 -0.0165166 -0.114096 0.48305 0.398893 -0.0291276 0.105989 0.185269 -0.0321099 0.0698011 -0.0413802 -0.016999 -0.460662 -0.137664 -0.1079 -0.10364 
0.267313 0.549727 -0.388073 0.0176756 -0.00921224 0.0652303 -0.025932 0.255519 -0.00506819 0.0200236 0.0215164 -0.00384201 0.00316445 0.228917 -0.125397 -0.289324 -0.0156228 0.00669367 -0.203116 -0.0162461 -0.0577473 -0.0387163 -0.0180002 -0.170959 
0.107711 0.146785 -0.108413 0.025451 0.186614 -0.0829727 -0.0408363 -0.0729364 -0.160442 -0.0428544 -0.009494 -0.0129896 0.095154 -0.058153 -0.0820011 -0.014266 -0.191326 -0.0329547 0.113101 0.00270305 0.225828 0.0542241 0.0410952 -0.0303674 
-0.00367695 -0.130468 0.197886 -0.157621 0.235592 0.0210227 -0.077481 0.150008 -0.186567 0.0687061 -0.0345537 0.0994821 -0.0663468 0.0846832 -0.205296 0.158569 0.0493602 -0.098054 0.184105 -0.337275 0.00354108 -0.0910494 -0.0777511 -0.0150612 
-0.0129464 -0.0952751 0.0364088 0.10849 0.0265101 -0.0715864 0.175338 -0.00365625 -0.0605152 -0.0401887 0.205758 -0.0402733 -0.150123 -0.0301885 0.0561769 -0.141326 0.107659 0.0172093 0.0801054 0.00493638 -0.136304 -0.00225202 -0.274946 -0.145683 
-0.123249 -0.0279686 0.116841 -0.0611825 -0.099903 0.0711132 0.011522 0.0477932 0.0409006 -0.0197113 0.130867 -0.060671 -0.0185139 0.13841 0.153917 0.324421 -0.0451775 -0.0702042 0.213811 0.497304 -0.0476756 -0.120113 -0.0112388 -0.0464771 
0.0226284 -0.0351425 0.0894791 -0.0294574 0.130404 0.0026892 0.0106893 0.12443 -0.11054 0.0612518 0.0685346 0.0247003 0.0793303 0.0977811 -0.103151 0.303784 0.00307584 -0.00755318 -0.0969102 -0.00519863 -0.0842988 0.137749 0.0632933 -0.279567 
0.101908 -0.0187997 0.0485052 -0.00619684 -0.0683889 -0.0335763 -0.283384 0.0103025 0.00421397 0.0939022 0.0621615 0.0569808 0.0716962 -0.28538 0.00996844 -0.0316255 -0.173641 -0.00246178 0.00592388 0.0732777 -0.0189311 0.0847384 -0.00999777 0.203581 
-0.0131933 0.0152208 0.0120049 0.00446777 0.029581 -0.235223 0.0270943 0.154297 0.0240584 -0.0110316 -0.183526 0.0298038 0.105 0.0635693 -0.0183265 0.0675184 -0.318423 -0.012572 0.00656901 0.0691639 -0.0100204 -0.0369857 0.126133 0.132614 
-0.044353 0.0733256 -0.0186112 -0.0779886 0.151335 -0.0408189 -0.0639727 0.0674506 -0.0299837 -0.164481 0.0206208 -0.223145 -0.230275 0.01913 -0.0341033 -0.112515 -0.119554 0.00923144 0.088604 0.142775 0.0480553 0.0410953 -0.0321553 -0.0970192 
0.0422064 0.0478428 0.0947325 0.0989819 0.00886917 -0.0239487 0.00061143 0.0725709 -0.185338 0.0371303 0.0238651 -0.231601 -0.228579 -0.0557515 0.0645961 -0.224177 -0.0917319 0.577471 0.400794 0.0740123 0.308913 0.291436 0.0163649 -0.127549 
-0.0508425 -0.0529768 0.0502989 0.0311983 -0.0788331 -0.040278 0.0720822 0.112059 -0.161357 -0.166077 0.100184 0.0171401 -0.00153724 0.0809024 -0.104609 -0.0626118 0.0186644 0.405389 0.175525 0.07423 -0.146932 0.25139 0.153362 0.0764696 
-0.0812757 -0.0108641 0.0630154 -0.179181 -0.0376782 -0.17155 0.0146668 0.107272 -0.0188201 -0.123306 -0.0237657 -0.0485109 0.105653 -0.0869165 0.163942 -0.0747725 -0.0149756 0.073287 0.321073 0.168352 0.228939 0.316842 -0.173225 -0.0443562 
0.222937 0.0387749 0.00209486 0.19453 0.0386717 0.0157998 0.484018 0.113157 -0.042246 -0.128823 -0.0403907 -0.111915 -0.0217004 -0.0250093 0.204011 -0.23588 0.21539 -0.0573442 0.129273 0.358414 0.155926 0.128104 0.171637 0.181058 
-0.0775259 -0.0591681 -0.259349 0.11175 -0.13246 0.0890545 -0.0901777 -0.0534286 0.160444 0.146987 0.0232795 0.0396388 0.0624685 -0.362919 -0.0289113 -0.317405 0.476823 0.705871 0.0853198 0.931031 0.132965 0.887969 -0.0525467 0.0173818 
0.0948175 -0.0896171 -0.149987 0.238246 0.00961963 -0.346099 -0.110744 -0.0340203 -0.0437437 -0.0269098 -0.0181084 -0.117105 -0.0454912 0.000229454 -0.227235 -0.00890847 -0.0543252 0.0968573 0.0631894 0.133868 0.144465 0.0998131 0.00172548 0.0146794 
0.00215307 0.0632272 -0.0457214 -0.00195355 0.152845 0.00124858 0.258147 0.0626224 0.0451358 0.107429 -0.0296369 -0.0643796 -0.416673 -0.0279273 -0.0161802 0.0339939 0.0473016 0.0960941 0.0289188 -0.142637 -0.145671 0.0145409 0.0425866 -0.0866702 
-0.0803056 0.177253 0.0114909 0.0476778 -0.0385454 -0.168155 0.0376561 0.042902 0.248827 0.0389828 -0.0696258 -0.157455 0.0419375 -0.0139183 0.256545 -0.0674664 0.161173 -0.0234802 0.0280275 -0.00158771 0.0293304 -0.317505 0.130661 -0.0432852 
