0.253167 0.305415 0.316918 0.290111 0.264065 0.231294 0.310806 0.274947 0.218651 0.253196 0.291049 0.367493 0.290336 0.279398 0.285037 0.384055 0.312858 0.311185 0.45141 0.578781 0.546922 0.386677 0.328977 0.273926 0.232219 0.33978 0.251468 0.324925 0.193687 0.287769 0.3047 0.284708 
0.277969 0.32936 0.315523 0.323308 0.290093 0.293673 0.286598 0.373504 0.317242 0.395018 0.232883 0.34387 0.239958 0.413156 0.355541 0.289398 0.392476 0.382756 1.0623 0.636849 0.38666 0.448277 0.336995 0.352551 0.322305 0.301556 0.317736 0.227827 0.316195 0.317312 0.254122 0.328745 
0.309446 0.263585 0.285849 0.275204 0.296074 0.302107 0.313647 0.321132 0.296042 0.304464 0.348755 0.300902 0.277968 0.310792 0.362317 0.42008 0.756708 0.369389 0.431361 0.457824 0.550895 0.443914 0.309619 0.309239 0.296931 0.325263 0.283012 0.287392 0.279114 0.28921 0.304614 0.349934 
0.293422 0.320914 0.332907 0.330389 0.337743 0.258106 0.302599 0.253283 0.298858 0.285493 0.299568 0.284701 0.242992 0.281705 0.292281 0.328522 0.83849 0.442288 0.518733 0.281802 0.521082 0.287063 0.476614 0.34424 0.31424 0.31189 0.221129 0.32714 0.312209 0.309175 0.379038 0.342539 
0.298802 0.298252 0.292891 0.251243 0.370352 0.280937 0.223364 0.311132 0.292885 0.306494 0.28301 0.301212 0.343778 0.288818 0.317016 0.506397 0.863364 0.767552 0.928431 0.987172 0.107126 0.284953 0.303106 0.242798 0.208808 0.245163 0.283598 0.308854 0.235889 0.368969 0.293064 0.2984 
0.274708 0.220021 0.428863 0.256885 0.307293 0.307577 0.350355 0.332144 0.298532 0.325713 0.290661 0.377382 0.338974 0.260624 0.270815 0.812294 1.09759 0.626017 1.07338 0.988654 0.273802 0.421887 0.267934 0.215779 0.309591 0.262633 0.3289 0.279614 0.252222 0.294702 0.277518 0.288967 
0.260022 0.268745 0.402284 0.265974 0.241964 0.309528 0.583879250288 0.584702092409 0.581199902296 0.6301422894 0.629222917557 0.613256800175 0.667569953203 0.573891687393 0.685712057352 0.782537358999 0.650604593754 0.691876131296 0.668851959705 0.664139795303 0.620485085249 0.626817065477 0.587126511335 0.565837907791 0.613554555178 0.599936264753 0.284217 0.251905 0.226139 0.289534 0.298544 0.325402 
0.306128 0.291697 0.316791 0.297325 0.283406 0.315149 0.667312937975 0.645809578896 0.564709740877 0.58277105093 0.679795432091 0.608820575476 0.544652822614 0.600225168467 0.682900595665 0.579252916574 0.626232522726 0.648058134317 0.540806698799 0.59944357276 0.690340059996 0.623532372713 0.562654334307 0.712673830986 0.603706884384 0.474559444189 0.286604 0.349524 0.281626 0.302563 0.299348 0.284362 
0.305236 0.29912 0.291582 0.351471 0.351063 0.28183 0.69566013217 0.8935125947 0.756539005041 0.693454790115 0.70721064806 0.622045862675 0.54533469975 0.60635240674 0.583522695303 0.602214711905 0.483400288224 0.65583037138 0.602461773157 0.588633555174 0.550450968742 0.591825264692 0.633599299192 0.634327191114 0.597396957874 0.594824302197 0.357232 0.307071 0.308366 0.249358 0.335293 0.334256 
0.288961 0.301594 0.354834 0.26661 0.346128 0.279115 0.92885928154 0.660565811396 0.585551130772 0.725417453051 0.715575444698 0.680202621222 0.620228219032 0.468818637729 0.579118567705 0.588270145655 0.583718705177 0.507510977983 0.633277761936 0.623370933533 0.561482089758 0.569881844521 0.604044544697 0.606139200926 0.605771619081 0.567744213343 0.299098 0.301111 0.250767 0.308139 0.381148 0.281711 
0.321295 0.254842 0.28805 0.287905 0.321117 0.262347 0.737742441893 0.682193565369 0.598836559057 0.594698536396 0.553878176212 0.60038946867 0.614793199301 0.581942844391 0.628666090965 0.588382530212 0.59923298955 0.507342416048 0.66990070343 0.605637270212 0.634313035011 0.479468795657 0.629486250877 0.594468998909 0.591794836521 0.591941553354 0.287223 0.353557 0.326345 0.302601 0.288541 0.430624 
0.278502 0.314022 0.310268 0.282451 0.306578 0.317764 0.605749028921 0.727074372768 0.6047272861 0.620296436548 0.666838485003 0.585511642694 0.759253638983 0.606425213814 0.569555479288 0.614450353384 0.681150752306 0.601631718874 0.600242394209 0.537395614386 0.612974154949 0.609539467096 0.629722195864 0.627251940966 0.614320921898 0.593496131897 0.299822 0.315269 0.400267 0.267296 0.293557 0.223458 
0.310698 0.280928 0.39369 0.305379 0.264779 0.28121 0.713855552673 0.631547170877 0.660457718372 0.608495849371 0.748468804359 0.592920768261 0.584639209509 0.576444077492 0.608824330568 0.62711610198 0.563611882925 0.622066068649 0.619646865129 0.589295941591 0.501812565327 0.567879933119 0.677168416977 0.580691742897 0.602565425634 0.597294437885 0.307545 0.217954 0.28409 0.25989 0.243647 0.297294 
0.302573 0.454612 0.36949 0.330616 0.360255 0.273525 0.59484385252 0.581738907099 0.617079782486 0.5526717484 0.653881508112 0.573150384426 0.659744429588 0.62733348012 0.586547720432 0.598022150993 0.49472925365 0.600632178783 0.548078301549 0.56022335887 0.592187392712 0.619601505995 0.631129670143 0.619635629654 0.575672644377 0.589100378752 0.368683 0.246974 0.301672 0.305317 0.291965 0.308843 
0.332903 0.33014 0.319365 0.261704 0.319775 0.29781 0.620038408041 0.582792627811 0.577079343796 0.634414124489 0.561090576649 0.518800589442 0.515511634946 0.647765833139 0.593531566858 0.590775537491 0.753112602234 0.648350554705 0.77951900959 0.842722821236 0.935928988457 0.705648052692 0.604627329111 0.604870933294 0.621687430143 0.658197808266 0.246174 0.30749 0.323914 0.288623 0.419574 0.300921 
0.265617 0.246338 0.326131 0.437238 0.364376 0.265092 0.634625989199 0.520414727926 0.522275882959 0.628584730625 0.660726684332 0.59180765152 0.629961240292 0.589597421885 0.594371426105 0.677931803465 0.751966375113 0.660822826624 0.650737154484 0.687830168009 0.935645329952 0.616799283028 0.596345442533 0.638092297316 0.557408171892 0.588968294859 0.322229 0.319966 0.286692 0.321652 0.261018 0.322116 
0.351457 0.294062 0.276043 0.305336 0.295428 0.364207 0.603694278002 0.633520919085 0.584478992224 0.57403897047 0.601908791065 0.64630048275 0.561001855135 0.605158019066 0.573544251919 0.54474863708 0.691234189272 0.914266693592 0.820375192165 0.748753148317 0.69221560955 0.593421417475 0.601054179668 0.569410699606 0.592433947325 0.538826140761 0.323448 0.271257 0.27941 0.311642 0.380029 0.282767 
0.232126 0.331829 0.291889 0.294323 0.264217 0.276193 0.563117164373 0.635841715336 0.613138306141 0.616337317228 0.599668997526 0.652104783058 0.595084953308 0.607941943407 0.624106693268 0.52769382596 0.81728695631 0.684178847075 0.706311959028 0.801126646996 0.874408471584 0.675955939293 0.608826208115 0.583511906862 0.662890958786 0.58878903389 0.348257 0.322922 0.331705 0.34631 0.313084 0.272658 
0.317792 0.339372 0.248597 0.283939 0.304294 0.268909 0.629261511564 0.578536498547 0.635317969322 0.631745028496 0.58702890873 0.592332351208 0.603665399551 0.612708467245 0.610148179531 0.583294171095 0.614131498337 0.672346252203 0.790808665752 0.768888491392 0.753589141369 0.55557872653 0.608345079422 0.580661523342 0.603453117609 0.58732073307 0.296908 0.233423 0.30963 0.33527 0.299276 0.277813 
0.265571 0.290635 0.356139 0.255959 0.304931 0.29613 0.639196056128 0.559941875935 0.561273533106 0.627984392643 0.533199864626 0.619784075022 0.553056108952 0.624685692787 0.424975971878 1.2412714839 0.595146524906 1.20619951487 0.786605763435 0.701349693537 0.618552017212 0.673406589031 0.690346884727 0.67649127841 0.655037093163 0.60937859416 0.355526 0.363657 0.292654 0.3525 0.300514 0.270825 
0.321648 0.330049 0.305349 0.304316 0.35233 0.330379 0.571717607975 0.566777962446 0.58710231185 0.611074703932 0.518826711178 0.594837027788 0.547523352504 0.631151694059 0.646448212862 1.05979143381 0.86437420845 1.30610208511 0.773505735397 0.949566411972 0.78598280549 0.641935873032 0.606055575609 0.596701341867 0.61982177496 0.560756492615 0.324521 0.302725 0.313589 0.275157 0.328824 0.295939 
0.304129 0.324504 0.300303 0.299374 0.31769 0.182623 0.674546349049 0.613410669565 0.54904705584 0.546430844069 0.578543949127 0.626415538788 0.662122923136 0.486008736491 0.624092358351 0.572879004478 0.720870155096 0.833609628677 1.08199863434 0.695026236773 1.02680801153 0.554136949778 0.60348187685 0.613581973314 0.572748887539 0.540844473243 0.302964 0.276248 0.309864 0.302302 0.318049 0.353446 
0.323973 0.371539 0.372739 0.249584 0.288909 0.297764 0.649274665117 0.71634324193 0.596927571297 0.593115705252 0.682321029902 0.624548691511 0.617160010338 0.548065695167 0.63320659399 0.730951803923 0.754111218452 0.790700244904 0.94722853899 0.636188852787 0.765099304914 0.59896312952 0.628559100628 0.50858836174 0.738737571239 0.601571369171 0.310605 0.293554 0.304104 0.284277 0.294201 0.272135 
0.234977 0.336695 0.300783 0.255964 0.390102 0.344194 0.636059868336 0.600446659327 0.546317759156 0.620457339287 0.611811894178 0.618632870913 0.537477272749 0.664132732153 0.613332617283 0.536077517271 0.583043503761 0.746154356003 0.718724387884 0.863023030758 0.766304600239 0.599576848745 0.585844355822 0.53119302094 0.646245646477 0.659001785517 0.295871 0.253781 0.255095 0.284168 0.299104 0.332255 
0.275102 0.384044 0.2787 0.306976 0.288412 0.312141 0.566902625561 0.642891186476 0.564153003693 0.617650705576 0.635755318403 0.620262163877 0.59369956255 0.629122394323 0.635455089808 0.629340845346 0.657632219791 0.517795774341 0.585456985235 0.526143479347 0.720503288507 0.599405366182 0.58792309761 0.531239259243 0.639859455824 0.718737202883 0.287265 0.306728 0.292481 0.324056 0.306088 0.293286 
0.312482 0.254999 0.300689 0.317909 0.254671 0.313514 0.590891081095 0.505304816365 0.51770426631 0.569908219576 0.571888077259 0.622775006294 0.536103504896 0.603155988455 0.541875901818 0.545537251234 0.506493347883 0.615946877003 0.656940478086 0.605624067783 0.583309936523 0.610025304556 0.594505834579 0.601999211311 0.669468659163 0.559435415268 0.289912 0.242792 0.293259 0.345396 0.305815 0.330028 
0.259366 0.293094 0.276967 0.318925 0.2641 0.259556 0.284414 0.240505 0.298677 0.340274 0.317711 0.29949 0.319858 0.288886 0.286395 0.290306 0.288644 0.29798 0.316856 0.289971 0.27694 0.311644 0.254125 0.398344 0.279414 0.319257 0.241234 0.311654 0.377367 0.256437 0.26681 0.306721 
0.318189 0.303823 0.436019 0.333389 0.260137 0.262053 0.234065 0.281603 0.34597 0.27524 0.308173 0.360604 0.260153 0.34025 0.310246 0.234214 0.382492 0.28811 0.281307 0.288613 0.390256 0.367774 0.283222 0.317968 0.299669 0.398666 0.359613 0.247676 0.290909 0.373576 0.280109 0.253293 
0.292806 0.385584 0.270271 0.319246 0.315074 0.378336 0.415907 0.294945 0.330099 0.394132 0.325819 0.340079 0.272331 0.301449 0.245718 0.302255 0.271026 0.192971 0.374503 0.299741 0.314162 0.280475 0.221969 0.24656 0.326865 0.272962 0.279806 0.330072 0.320928 0.309364 0.304512 0.276453 
0.269907 0.266961 0.166708 0.320403 0.286628 0.337127 0.274806 0.381318 0.300083 0.354614 0.27607 0.324007 0.292577 0.321605 0.301606 0.292065 0.346866 0.290058 0.256575 0.381049 0.3241 0.290142 0.284683 0.250276 0.287238 0.324495 0.220633 0.295389 0.197279 0.296105 0.314879 0.361966 
0.318617 0.251042 0.364934 0.357307 0.292655 0.343107 0.383773 0.340535 0.239705 0.291547 0.276347 0.232211 0.414256 0.29256 0.302049 0.288346 0.239539 0.32423 0.319129 0.237656 0.275306 0.325524 0.300682 0.291392 0.296266 0.309758 0.317816 0.256241 0.285528 0.248067 0.286628 0.199347 
0.316323 0.29788 0.273556 0.277681 0.30369 0.325895 0.313649 0.267807 0.270223 0.372726 0.287344 0.277038 0.421036 0.305305 0.276314 0.289551 0.29122 0.314044 0.30172 0.316871 0.277002 0.245714 0.300729 0.304496 0.334999 0.292466 0.136803 0.329648 0.190045 0.262515 0.361285 0.262754 
