0.216523 0.169824 0.354945 0.19743 0.322927 0.324759 0.219158 0.32683 0.296054 0.272202 0.388726 0.236806 0.249708 0.263197 0.276204 0.213214 0.270722 0.310685 0.284931 0.32029 0.33937 0.301183 0.377215 0.338938 0.311844 0.196331 0.704382 0.283669 0.783293 0.212852 0.469423 0.26206 
0.394359 0.415265 0.293273 0.252077 0.319827 0.239231 0.0995611 0.300677 0.390858 0.336611 0.429539 0.232343 0.368847 0.276888 0.294075 0.244332 0.344365 0.310247 0.307646 0.213491 0.332721 0.360061 0.0620592 0.384204 0.154316 0.371413 0.346497 0.465064 0.551307 0.815088 0.395408 0.263216 
0.232272 0.385732 0.229804 0.429822 0.3241 0.29747 0.276423 0.056508 0.383644 0.497966 0.441374 0.315184 0.466417 0.405464 0.298815 0.352482 0.115037 0.455332 0.242271 0.14687 0.28879 0.378272 0.306531 0.368328 0.407371 0.332739 0.529281 0.406564 0.711197 0.3341 0.272649 0.394991 
0.438504 0.323658 0.370053 0.43217 0.283301 0.377455 0.297953 0.333812 0.522729 0.480407 0.251 0.602251 0.47327 0.543437 0.813191 0.57252 0.608127 0.351693 0.135123 0.293626 0.356235 0.480424 0.388763 0.287215 0.288856 0.492304 0.30312 0.660868 0.469637 0.434282 0.322103 0.297815 
0.242954 0.297285 0.451128 0.231133 0.333294 0.278565 0.339167 0.251738 0.444368 0.107658 0.363296 0.414162 0.41464 0.638202 0.646628 0.43997 0.476595 0.311382 0.360673 0.308878 0.257495 0.389641 0.267388 0.300604 0.302381 0.520533 0.190079 0.443536 0.354039 0.279948 0.293077 0.27168 
0.266938 0.218027 0.392934 0.2585 0.351829 0.428295 0.0298572 0.293667 0.432311 0.349204 0.426318 0.369269 0.51172 0.601439 0.713826 0.483585 0.479313 0.43682 0.368645 0.974433 0.271772 0.410237 0.512398 0.273281 0.437472 0.766174 0.443138 0.500524 0.291647 0.301889 0.253123 0.282949 
0.503998 0.32796 0.308222 0.297916 0.297792 0.241062 0.697525161505 0.65953015089 0.558242428303 0.656640070677 0.505877840519 0.479367408156 0.964338886738 0.516576889157 0.754250752926 0.586209821701 0.970936584473 0.360563527048 0.58610727191 0.94279961586 1.05126683712 0.644912797213 0.737021315098 0.567105072737 0.765570449829 0.612714755535 0.678269 0.727857 0.666712 0.190311 0.416381 0.261586 
0.420773 0.319549 0.150918 0.449315 0.323201 0.0351238 0.661838400364 0.343320663273 0.657262969017 0.577309000492 0.5591753304 0.629764962196 0.821925926208 1.10168390274 0.843979346752 0.648390847445 0.845610129833 0.192242416739 1.43789045811 1.29127840996 1.14899538755 0.81783400774 0.817451524734 0.525296676159 0.723843532801 0.50565803349 0.379864 0.317097 0.31663 0.459386 0.349954 0.302132 
0.318121 0.426716 0.215213 0.341132 0.0671533 0.129812 0.625358718634 0.546830433607 0.631619977951 0.611344742775 0.637065607309 0.654676157236 0.591413396597 0.68584202528 0.617159175873 0.567985284328 0.642604607344 0.658281672001 1.43515520096 1.37761394978 0.888376879692 0.859239685535 0.742520171404 0.679546761513 0.562454211712 0.69929664135 0.290355 0.0272877 0.30457 0.257126 0.265823 0.259386 
0.311156 0.315509 0.309061 0.300753 0.431984 0.186561 0.432837370038 0.575028258562 0.631695765257 0.615172404051 0.641388076544 0.74547444582 0.579689729214 0.492799687386 0.668589997292 0.491654711962 0.705318856239 0.801511514187 1.31273703575 0.999171483517 0.937714445591 0.73042626977 0.718725579977 0.635787951946 0.596831995249 0.652879196405 0.32786 0.354619 0.273668 0.300818 0.302647 0.318585 
0.300126 0.208399 0.140645 0.343167 0.293708 0.308748 0.535305503011 0.681843328476 0.559893417358 0.666856396198 0.692174333334 0.487911495566 0.625989425182 0.587772744894 0.610795396566 0.612859326601 0.6232819736 0.734231549501 0.690107572079 0.68716301322 0.668797838688 0.614734995365 0.646473425627 0.633295673132 0.748502451181 0.620777654648 0.302438 0.310038 0.363274 0.287155 0.272245 0.45868 
0.346145 0.287485 0.291963 0.2937 0.331818 0.295032 0.673578429222 0.666021841764 0.562537419796 0.462757322192 0.542088600993 0.556947249174 0.597930508852 0.647435176373 0.495177659392 0.680447715521 0.820953178406 0.647032040358 0.609424579144 0.511020976305 0.543807002902 0.596246767044 0.851884710789 0.677622157335 0.549903023243 0.609554636478 0.313324 0.274523 0.386497 0.632513 0.261074 0.224436 
0.0711857 0.484201 0.495159 0.302313 0.253784 0.43071 0.597555148602 0.663109648228 0.638973104954 0.513611632586 0.665214824677 0.674873220921 0.617105531693 0.633819180727 0.596656399965 0.734842467308 0.669877547026 0.493752452731 0.643820989132 0.759696561098 0.366904760897 0.664970237017 0.589980173111 0.583520460129 0.590326744318 0.637086647749 0.516971 0.31065 0.254428 0.295845 0.495184 0.325394 
0.222805 0.19859 0.297522 0.249942 0.365441 0.384374 0.607933777571 0.512492212653 0.673675465584 0.708063948154 0.613161492348 0.5911632061 0.61405594945 0.493373501301 0.408780503273 0.763388830423 0.590493756533 0.748555350304 0.465517017245 0.497677642107 0.594631928205 0.566434878111 0.689742046595 0.544016095996 0.606379318237 0.600274163485 0.0984606 0.242932 0.356482 0.414782 0.287936 0.264548 
0.269457 0.308773 0.26761 0.282622 0.262964 0.126233 0.575101691484 0.612555491924 0.548843535781 0.659676629305 0.584830957651 0.48854431808 0.735767054558 0.479808557034 0.626154828072 0.660616236925 0.639383482933 0.715492624044 0.526619020104 0.5944239676 0.626692402363 0.685417371988 0.574129271507 0.564051169157 0.596247661114 0.485928493738 0.284585 0.278411 0.271312 0.30757 0.374966 0.252211 
0.27993 0.409729 0.274636 0.251185 0.299105 0.204756 0.70940195322 0.590440708399 0.619253623486 0.660388368368 0.600131350756 0.561736124754 0.664788681269 0.531941342354 0.591395664215 0.541193592548 0.620625603199 0.595945137739 0.765895444155 0.394127848744 0.603305089474 0.630471664667 0.508388969302 0.606066691875 0.652812379599 0.605444329977 0.336499 0.37138 0.308736 0.270831 0.263384 0.129153 
0.219789 0.281406 0.207694 0.113563 0.235371 0.336982 0.665414202213 0.670324462652 0.588802742958 0.568673688173 0.607180464268 0.632327157259 0.53979447782 0.621223556995 0.597056764364 0.650826203823 0.369253593683 0.574743139744 0.605800259113 0.738188791275 0.583863574266 0.599006462097 0.527510675788 0.537186074257 0.604832845926 0.677414017916 0.288925 0.260332 0.331036 0.28646 0.30715 0.419962 
0.509377 0.323041 0.307258 0.301646 0.292454 0.360522 0.607834386826 0.269978135079 0.689648020267 0.490740674734 0.364953498542 0.49260802865 0.555639076233 0.832182633877 0.634738850594 0.60127453804 0.629529702663 0.619612979889 0.56900178194 0.58407689929 0.58174379468 0.6874822855 0.500078874826 0.62756870985 0.518291923404 0.394646647573 0.445202 0.378494 0.380657 0.307622 0.347787 0.288555 
0.289273 0.273944 0.379975 0.296995 0.341399 0.256033 0.580408620834 0.583912211657 0.578915315866 0.566247332096 0.651330399513 0.641224253178 0.66049836874 0.608939695358 0.611886519194 0.740162181854 0.41660451442 0.656144160032 0.506949576735 0.537374991179 0.588007944822 0.525882217288 0.568723368645 0.596238064766 0.523066747189 0.63353754878 0.328538 0.259892 0.362574 0.115621 0.324337 0.147897 
0.171774 0.10112 0.341404 0.280115 0.407359 0.263527 0.740733462572 0.630320566893 0.47891138792 0.616629528999 0.505534338951 0.646971988678 0.605443316698 0.632932114601 0.544760096073 0.767455148697 0.719727861881 0.518534350395 0.589121091366 0.574234741926 0.636740553379 0.72901968956 0.631073224545 0.557372885942 0.643659192324 0.396611246467 0.480692 0.180744 0.281746 0.293725 0.377693 0.260712 
0.250822 0.492768 0.0770679 0.363792 0.298548 0.364911 0.554191756248 0.583709853888 0.584441202879 0.604283469915 0.573819774389 0.543998661637 0.546679320931 0.555439788103 0.580160725117 0.558616477251 0.645434069633 0.611842888594 0.637319463491 0.455713558197 0.556631195545 0.583829927444 0.617258507013 0.442815962434 0.564809608459 0.644745665789 0.404191 0.364434 0.20257 0.309647 0.449149 0.442668 
0.175773 0.306953 0.277128 0.142718 0.308528 0.255228 0.550456094742 0.470167043805 0.60700185895 0.735721069574 0.667298811674 0.609975534678 0.401337499917 0.57899056673 0.734483021498 0.588635134697 0.471229630709 0.627555328608 0.63117377758 0.93856780529 0.597329992056 0.582747894526 0.714777934551 0.619090723991 0.606978940964 0.586662638187 0.357541 0.294877 0.160491 0.313869 0.326934 0.342443 
0.269027 0.284866 0.381779 0.289736 0.316005 0.194787 0.533088463545 0.655862438679 0.466869223118 0.621247547865 0.653998184204 0.845245528221 0.531981933117 0.654846179485 0.698794382811 0.488279598951 0.640929508209 0.537963825464 0.618106979132 0.552302795649 0.591497975588 0.657812017202 0.623042869568 0.432279485464 0.602064836025 0.596633332968 0.364672 0.340108 0.279116 0.325499 0.286447 0.297785 
0.269867 0.30893 0.375077 0.417157 0.288144 0.248651 0.659201401472 0.610029268265 0.524597722292 0.569423782825 0.594740378857 0.622477966547 0.567519295216 0.609399724007 0.65034942627 0.682265686989 0.771179693937 0.642217683792 0.607179480791 0.589929389954 0.632149684429 0.687621700764 0.62631739974 0.635966527462 0.60446100235 0.992330777645 0.309332 0.284882 0.330042 0.313346 0.268363 0.294593 
0.383647 0.256479 0.300203 0.445622 0.360829 0.30106 0.791650015116 0.50069989562 0.640599119663 0.696430522203 0.602465885878 0.462451162934 0.541272851825 0.678688305616 0.566957402229 0.685515481234 0.555446135998 0.639156866074 0.613422501087 0.608970868587 0.508669111133 0.543745088577 0.474612551928 0.587952870131 0.604654568434 0.831774163246 0.297518 0.274725 0.301225 0.309089 0.298211 0.406907 
0.29552 0.358519 0.306052 0.298947 0.429684 0.289713 0.604571300745 0.566602128744 0.640686559677 0.741490411758 0.623061972857 0.689279544353 0.652442979813 0.7242374897 0.593484926224 0.586828428507 0.536292466521 0.581413882971 0.610377627611 0.562535184622 0.517100307345 0.669054287672 0.617345529795 0.367742019892 0.631122040749 0.56349696517 0.260742 0.391977 0.368438 0.325249 0.272169 0.244788 
0.359181 0.348287 0.326021 0.316968 0.330698 0.312595 0.371447 0.280043 0.154409 0.256573 0.26594 0.257012 0.331847 0.336273 0.470975 0.201723 0.203215 0.404143 0.331088 0.372009 0.337199 0.318241 0.230269 0.299276 0.295234 0.237607 0.3012 0.268347 0.326213 0.310018 0.33169 0.350298 
0.271286 0.3058 0.345355 0.164604 0.282746 0.310284 0.509945 0.206976 0.446999 0.304731 0.429927 0.451658 0.367171 0.262016 0.195178 0.2321 0.379891 0.365339 0.369659 0.322705 0.269323 0.189453 0.290179 0.255245 0.352306 0.120377 0.438613 0.300219 0.327535 0.185845 0.364957 0.302356 
0.167569 0.152773 0.261436 0.26461 0.288307 0.274391 0.268503 0.210611 0.330995 0.222194 0.401814 0.218732 0.205845 0.334101 0.406575 0.257263 0.365954 0.29827 0.298018 0.356204 0.253959 0.291981 0.278658 0.322624 0.405886 0.395665 0.347353 0.338692 0.317091 0.180955 0.337272 0.344387 
0.415416 0.35286 0.286831 0.299297 0.410669 0.297282 0.278909 0.29194 0.384675 0.370062 0.216331 0.356825 0.339725 0.0613452 0.173006 0.396069 0.224129 0.298873 0.354293 0.260223 0.258967 0.312634 0.254608 0.335161 0.264639 0.441063 0.334267 0.350035 0.240962 0.327013 0.510123 0.374857 
0.34985 0.294266 0.288113 0.159446 0.294528 0.355543 0.194325 0.471006 0.550411 0.317225 0.388451 0.282409 0.289275 0.307121 0.261042 0.467312 0.339002 0.249329 0.279146 0.251006 0.309911 0.382056 0.418682 0.215646 0.425329 0.337685 0.448064 0.372375 0.301754 0.266762 0.438837 0.304755 
0.353305 0.303809 0.439436 0.0963272 0.254931 0.321033 0.251806 0.320553 0.338756 0.293503 0.376605 0.232464 0.22767 0.232752 0.349227 0.145374 0.237738 0.314202 0.252824 0.33228 0.249962 0.333452 0.311954 0.0490535 0.392455 0.331029 0.484652 0.468489 0.238089 0.296265 0.329157 0.203913 
